[Individuals]
5
[landmarks]
128
[dimensions]
3
[names]
a01
a02
a03
a04
a05

[rawpoints]

'a01

-5.6247327e-03 -8.5946254e-03 6.5500765e-03
1.7220184e-03 8.9737078e-03 -5.8858988e-03
7.8763223e-03 -5.2523084e-03 -2.3204980e-04
-6.1496711e-03 5.4236782e-03 4.9924970e-03
5.4587242e-03 5.0318526e-03 4.5623993e-03
-3.6921215e-03 -2.1618098e-03 -1.1786890e-03
4.5454074e-03 4.6199830e-04 -6.3121075e-03
4.3923830e-04 -1.0010695e-02 -8.8418731e-05
-5.9729828e-03 5.5711100e-03 -3.7659043e-03
-1.3287054e-03 9.7183796e-03 1.0070664e-03
5.5622269e-03 -9.5911156e-03 5.0322718e-03
-7.0555633e-03 -1.6632111e-03 5.1850069e-03
6.1424964e-03 -1.8855078e-03 5.5103644e-03
6.1348066e-03 5.1877697e-03 -2.0726487e-03
2.4868428e-03 -8.0973325e-04 -4.5550383e-05
-5.6894330e-03 -7.9567267e-03 2.6787470e-04
-6.7198001e-04 2.9206970e-03 -4.6826683e-03
7.6549094e-03 8.6018780e-04 9.5845286e-04
-5.6273201e-04 -1.0477120e-02 5.1432876e-03
-6.2330213e-03 2.3680930e-03 3.9515392e-04
2.8401310e-03 -5.7248325e-03 1.5325352e-03
3.5879848e-03 8.4870415e-03 1.0493161e-03
-6.1701772e-03 8.3622372e-03 6.2867593e-04
-2.7531720e-03 9.5072199e-03 -3.7257760e-03
8.0944647e-03 -5.8293959e-03 4.3351529e-03
3.5457352e-03 4.8872493e-03 -6.4288685e-03
5.3286165e-03 -9.1897441e-03 1.4448456e-04
-1.6575101e-03 -6.1170116e-03 -7.2861553e-04
5.8923574e-03 -8.4031562e-04 -2.4969128e-03
-7.0936586e-03 -5.5724510e-03 3.8308974e-03
-4.0974704e-03 3.6602423e-03 -6.8164514e-03
-2.5896536e-03 1.6463138e-03 -1.3959476e-03
-3.3134658e-03 -1.0196576e-02 2.4330357e-03
1.4846073e-03 9.8217940e-03 -2.1435362e-03
1.8011260e-03 3.9994968e-04 -3.5109923e-03
-7.5811204e-03 2.1090268e-03 4.1048129e-03
-6.4011359e-03 -4.3183087e-03 4.2334980e-04
-5.0598428e-03 -8.6780439e-04 1.9794267e-03
2.7280546e-03 -1.0588578e-02 2.9716743e-03
-2.2018939e-03 6.2560313e-03 -5.1896638e-03
7.9636499e-03 -2.7287327e-03 2.5535974e-03
6.5273393e-03 1.6278406e-03 4.4422796e-03
-5.2587407e-04 -2.5898746e-03 6.5890475e-04
-4.8260556e-03 -5.6767492e-03 -2.4192195e-03
6.8528736e-03 4.1917214e-03 1.4184258e-03
-7.6881587e-03 5.4014927e-03 1.5647969e-03
3.9687618e-03 7.4391977e-03 -3.4934914e-03
6.3264326e-03 2.5694417e-03 -4.3115256e-03
1.7447342e-03 2.1589662e-03 -7.1121104e-03
7.6877899e-03 -8.5731470e-03 2.4825331e-03
-5.2238915e-03 2.3653530e-03 -3.3008932e-03
5.0679593e-03 -2.9150553e-03 9.4051002e-04
-6.5102955e-03 -4.5438758e-03 6.8072866e-03
-6.0207125e-03 -8.6846047e-03 3.3992087e-03
7.7688179e-04 6.0224209e-03 -5.2794664e-03
-2.4285216e-03 -9.1069242e-03 -1.7327154e-04
-5.1104893e-03 8.2182526e-03 -2.5544536e-03
5.2406701e-03 -6.4037434e-03 -7.3648210e-04
-5.2530597e-03 7.7695933e-03 3.3206314e-03
-3.4256306e-03 -1.0329335e-02 5.5346712e-03
-6.7216321e-03 4.7955022e-03 -1.0835831e-03
5.2008947e-05 3.5177803e-04 -1.2318104e-03
3.9662869e-03 7.3390537e-03 3.7456910e-03
5.6004107e-03 6.5522206e-03 3.7332200e-04
7.1942294e-03 2.3703027e-03 -1.3743808e-03
-3.3505889e-03 9.6008231e-03 -9.5435937e-04
-6.6140635e-03 8.6725887e-04 6.3312270e-03
4.3956775e-03 2.5562718e-03 -7.9942261e-03
1.0643207e-03 -7.4195907e-03 4.5295990e-04
-1.0481615e-05 -1.0656018e-02 2.5561606e-03
2.5503940e-03 -3.1057974e-03 1.7320277e-03
1.0569845e-03 9.1663944e-03 1.8811388e-03
-3.6989274e-03 1.0567635e-03 8.7315810e-04
-6.4403804e-03 -2.8334729e-03 2.9724697e-03
-2.1262577e-04 9.5195942e-03 -4.3043661e-03
7.0342465e-03 -1.2123422e-03 -2.7721624e-04
7.3340597e-03 -7.7641284e-03 -6.8884906e-05
2.9171172e-03 -9.0501789e-03 -3.3272412e-04
-5.7342458e-03 1.4246358e-03 2.5998245e-03
7.2198620e-03 -7.8327178e-03 5.4365601e-03
5.2636511e-03 4.9190691e-03 -4.6944239e-03
6.2582610e-04 -4.6943127e-03 1.0730042e-03
-4.4899147e-03 6.0214486e-03 -5.9611173e-03
-8.7712936e-04 9.8058841e-03 -1.6307070e-03
5.4916046e-03 -9.9808198e-03 2.4191587e-03
-3.8499830e-03 -7.7291267e-03 -1.6269063e-03
-3.9426140e-03 9.3101138e-03 1.3440028e-03
7.3458154e-03 -4.3452471e-04 3.5571587e-03
4.3709288e-03 8.0130148e-03 -1.2106856e-03
8.5212036e-03 -6.0806840e-03 2.0032915e-03
-3.3171781e-03 2.4570117e-03 -4.6094827e-03
-6.8355647e-03 -6.4017105e-03 1.5188350e-03
3.9686734e-03 -1.5928340e-04 -3.9924437e-03
-6.8580153e-03 -6.8723784e-03 5.6828984e-03
-5.7728716e-03 3.9030451e-03 -5.2929014e-03
-6.5311552e-03 -6.2836236e-03 -1.0502607e-03
7.1442900e-03 -3.9068610e-03 5.3077783e-03
-3.8982431e-03 7.8081306e-03 -4.6674655e-03
2.9933964e-03 6.9474049e-03 -5.6990459e-03
-1.7925675e-03 4.2227457e-03 -6.1329443e-03
-7.7610148e-04 1.3474728e-03 -3.0819553e-03
-3.1832697e-03 -4.6019469e-03 -1.3740272e-03
-1.9533459e-03 -5.3404999e-04 -9.2404217e-04
-6.6024846e-03 3.0913749e-03 5.8245849e-03
1.4587979e-03 3.9863069e-03 -5.7862852e-03
4.6629639e-03 -1.3894724e-03 -5.8834323e-04
-7.6254913e-03 3.0605273e-03 1.9420384e-03
5.7483728e-03 5.8017152e-03 2.5292906e-03
6.7850797e-03 -3.3337509e-03 -3.8929267e-04
2.5699278e-03 9.1265312e-03 -3.8383828e-03
6.9485740e-04 1.2214310e-03 -5.1331837e-03
-4.6981576e-03 1.8546451e-03 -1.2040565e-03
-5.2003802e-03 -3.6494741e-03 -1.3730550e-03
-6.2787181e-03 -3.0910165e-04 3.6972542e-03
3.4612359e-03 -1.0223269e-02 4.9270013e-03
-5.2619869e-03 -2.1504961e-03 3.4954553e-04
5.6519411e-03 2.2935816e-03 -6.2619029e-03
2.1705009e-03 9.4566617e-03 -2.2329935e-04
-7.4875171e-03 4.5644551e-03 3.6899180e-03
-5.0015306e-04 7.4960314e-03 -4.6298120e-03
-4.1459072e-03 -8.7087347e-03 1.3487758e-03
4.6132012e-03 -4.9909440e-03 9.3228991e-04
6.5976964e-03 3.3685607e-03 3.4578102e-03
2.4124198e-03 5.6885981e-04 -6.1021851e-03
5.7249499e-03 3.1483853e-03 5.4603366e-03
-7.2885549e-03 -3.8558609e-03 4.8196978e-03
3.6014198e-03 -1.0045608e-02 1.2465989e-03
-6.8845318e-03 6.5963264e-03 2.9349047e-03

'a02

-5.3768419e-03 -9.2366213e-03 6.4956029e-03
2.3378877e-03 7.8687732e-03 -6.9672706e-03
7.8142479e-03 -5.4198721e-03 -3.0241044e-04
-7.8070298e-03 4.7744580e-03 5.0601017e-03
5.6762380e-03 4.8155278e-03 3.9228640e-03
-2.5827305e-03 -2.4947975e-03 2.8048722e-05
5.3533743e-03 1.4820668e-03 -6.8393263e-03
7.5158158e-04 -9.8731604e-03 -8.3898450e-04
-6.6403672e-03 6.3510110e-03 -1.5819398e-03
-4.6725628e-04 9.0107975e-03 1.1235219e-03
3.5715814e-03 -9.7606651e-03 4.0871954e-03
-7.0482878e-03 -2.2461956e-03 6.7756001e-03
8.0888997e-03 -2.2507066e-03 4.8719214e-03
6.7794008e-03 3.8673628e-03 -1.8542121e-03
1.8039348e-03 -1.0435200e-03 4.8029675e-04
-5.2723574e-03 -8.3319566e-03 -3.4324068e-04
-2.5559922e-03 1.8014197e-03 -4.1531828e-03
7.2691623e-03 2.5581913e-03 1.4826898e-04
-1.8268113e-03 -1.0269929e-02 5.4661698e-03
-7.0250451e-03 2.4811416e-03 2.8792890e-04
2.7789753e-03 -4.2981561e-03 1.6435905e-03
3.8100414e-03 8.3862713e-03 2.3656427e-03
-6.2574992e-03 8.2122512e-03 -7.9508730e-04
-1.0982857e-03 9.5815935e-03 -2.3822737e-03
9.3379578e-03 -4.0416653e-03 2.2790651e-03
4.0509298e-03 6.6120442e-03 -4.9906134e-03
4.9269487e-03 -7.9442658e-03 7.5600369e-04
-1.1130926e-03 -5.4989615e-03 -4.7453195e-04
6.2944777e-03 -2.2945235e-04 -1.6805694e-03
-7.1463693e-03 -6.5261487e-03 4.3747707e-03
-3.5175876e-03 3.7798863e-03 -7.6689720e-03
-2.0037295e-03 1.2972493e-03 -1.9297406e-03
-3.7378485e-03 -1.0495315e-02 3.6135183e-03
1.7186829e-03 9.8741183e-03 -1.7273045e-03
3.4118798e-03 9.0953270e-05 -2.3397706e-03
-8.7338225e-03 1.7826327e-03 4.3952001e-03
-6.4445729e-03 -4.4481755e-03 2.0250909e-03
-5.7929154e-03 -2.3405580e-03 1.7898995e-03
2.4608251e-03 -1.0011269e-02 1.3551945e-03
-2.0310894e-03 5.4898730e-03 -5.8907870e-03
5.9271651e-03 -3.0540734e-03 1.5629783e-03
7.7561260e-03 3.4747799e-04 3.6864592e-03
-4.1404308e-04 -2.7891328e-03 7.5230648e-04
-5.1945462e-03 -6.6647154e-03 -2.2699625e-03
6.5787420e-03 4.9628181e-03 1.3803630e-03
-7.6921317e-03 5.6224281e-03 5.0802244e-04
4.3900987e-03 8.7240172e-03 -3.0953424e-03
6.0750960e-03 3.8124871e-03 -4.8654899e-03
3.2141960e-03 1.5703489e-03 -7.2097079e-03
6.6529974e-03 -8.9931240e-03 3.2697205e-03
-5.8933866e-03 2.2983790e-03 -2.8987111e-03
3.7809652e-03 -2.0040352e-03 1.4933454e-03
-6.2323623e-03 -5.4099877e-03 6.9996145e-03
-5.8323078e-03 -8.8624777e-03 3.2226411e-03
2.1484693e-03 5.9438341e-03 -5.0407520e-03
-1.3683232e-03 -9.5150537e-03 3.5292498e-04
-5.3540208e-03 7.1245703e-03 -3.2899706e-03
3.5560021e-03 -6.3962091e-03 1.3350547e-03
-5.9710079e-03 8.0625226e-03 1.6998115e-03
-3.6954986e-03 -1.0171703e-02 6.1029867e-03
-7.1762508e-03 4.1623211e-03 -1.7565419e-03
1.0128737e-03 1.8303781e-04 -9.6667219e-04
4.8989182e-03 7.0019102e-03 3.6881120e-03
6.1433700e-03 5.7027012e-03 -2.0979734e-03
6.8476422e-03 1.9689526e-03 -2.5511782e-03
-3.6933723e-03 8.7618954e-03 -1.7480721e-03
-7.4789526e-03 1.1976847e-04 6.6403505e-03
3.3672053e-03 3.4903934e-03 -6.3344529e-03
-6.2947515e-04 -7.6155856e-03 -3.0062417e-04
-2.5554339e-04 -1.0290386e-02 2.4498188e-03
1.5503823e-03 -2.7883304e-03 1.2908366e-03
1.8814493e-03 9.2014032e-03 1.2466999e-03
-5.4546173e-03 5.0134761e-04 1.4968479e-03
-7.9165858e-03 -1.3872364e-03 4.7396488e-03
-3.6170865e-04 9.3084461e-03 -4.5140611e-03
7.5687047e-03 -2.3755195e-04 8.4605405e-04
6.9677348e-03 -7.3295210e-03 4.3517386e-04
1.4674296e-03 -7.2365726e-03 6.6276820e-04
-7.6341542e-03 2.2003533e-03 2.1516866e-03
8.4208240e-03 -7.0144343e-03 4.8730228e-03
5.5204256e-03 5.6292728e-03 -4.0256726e-03
6.3542234e-04 -4.9613110e-03 1.1037029e-03
-4.5501516e-03 5.9593624e-03 -5.8826589e-03
-1.8449670e-03 9.3369367e-03 -5.3447405e-04
4.6932214e-03 -9.4612403e-03 2.1430368e-03
-2.2500884e-03 -8.4529242e-03 -1.7355952e-03
-3.7384704e-03 8.9908160e-03 1.0322707e-03
8.8565768e-03 -1.7761470e-03 2.7530879e-03
5.5615694e-03 7.6430316e-03 -1.1132721e-03
8.4372071e-03 -7.1897169e-03 1.8983071e-03
-5.1962488e-03 2.4725055e-03 -5.7275632e-03
-6.3834930e-03 -6.3621042e-03 8.5799593e-04
5.5726952e-03 6.9428362e-05 -4.2462020e-03
-6.1309070e-03 -7.4136797e-03 6.7660633e-03
-6.3624509e-03 4.5667604e-03 -4.1084287e-03
-5.8005740e-03 -4.9336269e-03 -8.1069822e-04
8.9793792e-03 -4.5915194e-03 4.6415114e-03
-3.1292203e-03 7.8754716e-03 -4.7677383e-03
3.5846731e-03 8.5583283e-03 -5.6456126e-03
-1.6188283e-03 2.8345830e-03 -6.3367900e-03
4.3764944e-04 1.0593043e-03 -2.7404765e-03
-2.7894286e-03 -5.8570660e-03 -2.4172531e-03
-1.6151044e-03 -1.8687279e-04 -2.9775998e-04
-7.8604680e-03 2.5426898e-03 6.2145738e-03
1.0394389e-03 4.0569287e-03 -4.5874324e-03
4.6949356e-03 -5.7894322e-04 7.8661033e-05
-8.2544868e-03 3.8636015e-03 1.3532280e-03
5.5268583e-03 7.3595485e-03 1.2491872e-03
8.1008880e-03 -2.9161315e-03 3.3557572e-04
2.0031970e-03 9.7446309e-03 -4.8690016e-03
-3.4872416e-04 1.9193892e-03 -4.6725020e-03
-4.2914149e-03 1.4604194e-03 -1.0586800e-03
-4.0642978e-03 -3.7448737e-03 -9.4343936e-04
-7.7686290e-03 3.4832527e-04 3.4406450e-03
1.2352209e-03 -1.0024322e-02 4.4749527e-03
-4.0651289e-03 -1.0065343e-03 -7.6864997e-05
6.2722188e-03 1.7262898e-03 -5.0157468e-03
3.9174091e-03 9.1394858e-03 -2.2231631e-04
-8.9119554e-03 3.6500863e-03 3.1824179e-03
2.2128477e-04 7.0492987e-03 -5.0328371e-03
-3.5983826e-03 -9.1869655e-03 1.2512740e-03
5.4748095e-03 -5.3845345e-03 1.3526269e-03
7.6388081e-03 1.5166371e-03 1.9607258e-03
2.1181859e-03 8.3342383e-04 -5.5903346e-03
6.1535812e-03 2.6818041e-03 3.8925163e-03
-7.6478995e-03 -3.5303084e-03 4.1982488e-03
3.0335850e-03 -8.5114351e-03 1.1436931e-04
-7.2035191e-03 6.5143814e-03 3.6313569e-03

'a03

-5.8431760e-03 -9.4313268e-03 8.0780035e-03
2.6401959e-03 6.5326738e-03 -7.5071689e-03
9.5169175e-03 -4.7007451e-03 -1.4159482e-03
-9.4737524e-03 2.9479137e-03 5.8874816e-03
8.2304245e-03 3.7004269e-03 8.2098721e-04
-2.9490708e-03 -3.0125454e-03 -2.3143991e-04
5.2717128e-03 2.8806661e-03 -5.9125446e-03
-1.5641085e-03 -9.2071891e-03 1.8430632e-03
-8.0449668e-03 4.3373699e-03 -1.0900308e-03
-1.6261252e-03 9.7593102e-03 -3.0285835e-04
3.3533269e-03 -8.3257433e-03 4.0641431e-03
-8.1064440e-03 -3.5869902e-03 4.4170598e-03
9.2391657e-03 -3.1758790e-03 4.5471212e-03
6.5308505e-03 1.7535901e-03 -6.1561108e-04
2.1915576e-03 -2.2302320e-03 1.4350768e-03
-6.4904938e-03 -7.9507101e-03 7.9348779e-05
-3.9069442e-03 3.1548612e-03 -5.4207126e-03
8.5625481e-03 1.2902926e-03 2.2357623e-03
-4.2263225e-03 -1.0846143e-02 4.6676621e-03
-1.0107102e-02 3.0406611e-03 7.5794268e-04
2.9244388e-03 -5.5565183e-03 3.2676895e-04
4.6728698e-03 8.4108833e-03 2.4711640e-03
-6.7843251e-03 7.8134018e-03 -1.5354636e-03
-1.3373996e-03 1.0175437e-02 -3.5097590e-03
1.0489099e-02 -4.8127494e-03 1.1621645e-03
4.6096828e-03 6.6538367e-03 -6.6638216e-03
7.0494728e-03 -6.0544255e-03 -1.5222134e-03
-3.7144481e-03 -4.9458462e-03 -1.2129527e-03
9.9034819e-03 -2.3511791e-03 -7.4951001e-04
-7.9078707e-03 -8.9245370e-03 6.1023468e-03
-2.3145030e-03 4.5709046e-03 -5.6880765e-03
-3.8893378e-03 2.5664339e-03 -3.3770458e-03
-5.7034151e-03 -1.0412824e-02 6.2322527e-03
3.4289868e-03 1.0325473e-02 -2.9783048e-03
3.5033121e-03 7.7631498e-04 1.8492159e-04
-9.9112248e-03 4.6869113e-04 2.6486734e-03
-7.8558815e-03 -6.5409785e-03 2.2688090e-03
-6.6233403e-03 -2.7837158e-03 1.9658447e-03
5.0188124e-03 -8.2971276e-03 1.3623908e-03
-4.3430772e-04 6.8873042e-03 -6.5998929e-03
4.6679057e-03 -3.9872106e-03 2.8728086e-04
7.8104271e-03 3.1395510e-04 4.6659015e-03
-9.6482404e-04 -2.1851284e-03 3.6507524e-04
-5.3512691e-03 -6.8895326e-03 -2.1399083e-03
6.9251068e-03 6.9677034e-03 2.6672151e-04
-9.0210465e-03 6.3969437e-03 6.5892824e-05
4.2060853e-03 8.9067192e-03 -5.3064275e-03
6.3714771e-03 6.0658870e-03 -4.5120114e-03
3.0494582e-03 4.3450080e-03 -6.9267701e-03
6.0509777e-03 -7.8999351e-03 3.9134691e-03
-6.6152986e-03 3.1493044e-03 -3.3505125e-03
4.2617709e-03 -9.7740580e-04 1.3853809e-03
-8.4633883e-03 -4.4354712e-03 7.0860829e-03
-6.1348343e-03 -9.8041370e-03 4.1869472e-03
1.1411730e-03 5.3495722e-03 -6.3801196e-03
-2.2939032e-03 -1.0594226e-02 3.5064300e-03
-5.8513970e-03 7.2004990e-03 -4.5244531e-03
5.0750093e-03 -6.1417372e-03 -4.9110083e-04
-7.1077519e-03 7.6381039e-03 1.6157994e-03
-3.0751130e-03 -1.0070704e-02 6.7753695e-03
-7.1639832e-03 2.4994659e-03 -1.4590135e-03
5.7971554e-04 4.0819286e-04 2.2507303e-04
5.7388340e-03 6.5996292e-03 3.7898489e-03
7.3388040e-03 4.6871259e-03 -2.1235426e-03
8.0396484e-03 -1.4262677e-03 -1.2410406e-03
-4.0127923e-03 9.3567348e-03 -2.8197162e-03
-8.7230507e-03 -1.7147436e-03 6.9390345e-03
5.1683401e-03 4.5729583e-03 -8.0243761e-03
-1.3927889e-03 -5.6000700e-03 -3.5669761e-04
5.1832531e-04 -9.3954634e-03 2.4171221e-03
8.9220721e-04 -4.8469946e-03 7.0715514e-04
2.7297828e-03 9.1929392e-03 1.6022148e-03
-4.4872516e-03 3.2666927e-04 1.2973984e-03
-8.2719994e-03 -1.1439271e-03 4.1752300e-03
1.3722849e-03 1.0668151e-02 -3.9971812e-03
9.2600194e-03 -8.3415003e-04 9.1781529e-04
8.9773499e-03 -6.6417208e-03 9.5649928e-05
3.8421566e-03 -7.9837351e-03 -5.0166222e-04
-7.9150946e-03 1.8980991e-03 5.6747036e-04
8.8084652e-03 -6.3170753e-03 4.0341153e-03
6.6004980e-03 6.8762744e-03 -2.0889547e-03
1.3024397e-04 -7.5576291e-03 -1.0879182e-04
-4.2594772e-03 6.1300247e-03 -5.9142384e-03
1.8354255e-03 1.0460946e-02 -1.1229456e-03
7.1793099e-03 -7.9785998e-03 1.6019044e-03
-3.1433622e-03 -8.4897242e-03 5.2133303e-04
-4.5500331e-03 8.9995506e-03 2.4834091e-04
1.0230175e-02 -2.5811847e-03 2.0210952e-03
5.1991130e-03 8.9053747e-03 -2.2217886e-03
9.1182510e-03 -7.1546830e-03 2.0874917e-03
-5.8773249e-03 4.4204041e-03 -6.0750024e-03
-6.7786414e-03 -8.6724736e-03 2.3645763e-03
4.4596573e-03 1.8712411e-03 -2.1165783e-03
-7.8607621e-03 -6.8690321e-03 8.1938672e-03
-7.1244949e-03 5.5833933e-03 -3.1333204e-03
-6.5745775e-03 -4.6943821e-03 -3.2676789e-04
1.0057039e-02 -4.7502885e-03 3.3342216e-03
-2.0106291e-03 8.0171650e-03 -5.1438416e-03
2.3436462e-03 8.6623848e-03 -8.2118523e-03
-3.4379743e-04 2.4243314e-03 -3.9983552e-03
-8.8620497e-05 1.7631105e-03 -1.8225699e-03
-3.0485775e-03 -7.2634696e-03 -1.4643564e-03
-2.0116857e-03 1.4531668e-03 -9.9516391e-04
-9.9464904e-03 2.9382031e-04 5.3408710e-03
7.7230793e-05 4.4170634e-03 -4.8555583e-03
6.1105189e-03 -1.2607993e-03 2.8048671e-04
-9.6058016e-03 5.3862572e-03 2.5731226e-03
7.3707019e-03 5.3619343e-03 2.4567264e-03
8.2482841e-03 -2.9300883e-03 -2.8486798e-03
2.2497039e-03 9.9110636e-03 -5.9960786e-03
2.0259266e-03 1.8175757e-03 -2.3843178e-03
-5.4639178e-03 1.7859478e-03 -4.2122771e-04
-5.6137631e-03 -2.5009370e-03 -6.5082442e-05
-6.5969846e-03 4.1102139e-04 2.4977945e-03
1.9479908e-05 -8.6750971e-03 5.5049584e-03
-4.0656491e-03 -1.2998584e-03 -8.6512927e-04
6.0954580e-03 2.3315034e-03 -3.6733213e-03
5.2777806e-03 9.0739685e-03 3.6993188e-04
-1.0528227e-02 2.8477575e-03 3.4592986e-03
2.3625006e-04 9.2030659e-03 -6.3138366e-03
-4.4053962e-03 -9.3852368e-03 2.5049924e-03
6.4442796e-03 -3.4009991e-03 -1.1731045e-03
9.2352295e-03 -9.2837827e-04 3.4085076e-03
2.9379805e-03 2.5938971e-03 -4.9668595e-03
7.1187459e-03 3.4672902e-03 4.1690364e-03
-8.6359139e-03 -6.5938958e-03 5.0735071e-03
2.9414501e-03 -8.6792229e-03 1.7002464e-03
-9.3100863e-03 4.6433789e-03 4.6358333e-03

'a04

-5.6579983e-03 -8.7852433e-03 7.8995771e-03
2.5207176e-03 6.9934214e-03 -7.4226628e-03
7.8493825e-03 -5.6856656e-03 -1.0569152e-03
-8.3862770e-03 3.4328000e-03 6.0978955e-03
7.9003965e-03 4.1352874e-03 2.8398715e-03
-3.0670309e-03 -2.8638059e-03 -1.3279181e-03
5.9397514e-03 3.0708814e-03 -5.8769054e-03
-6.3730290e-04 -8.7829315e-03 -1.6911012e-04
-7.3857093e-03 4.9789301e-03 -1.2947644e-03
-1.8483052e-03 9.0363857e-03 5.3305815e-04
2.7798706e-03 -9.7799295e-03 4.1198782e-03
-7.9070897e-03 -3.4709923e-03 6.4504267e-03
8.9454433e-03 -1.9443337e-03 4.5330028e-03
7.7109181e-03 2.2857543e-03 -1.6909427e-03
1.3559964e-03 -1.4164382e-03 1.3288401e-03
-6.2315055e-03 -8.5117128e-03 3.5113695e-04
-3.1538564e-03 2.2231667e-03 -4.3411327e-03
8.2494446e-03 2.5569526e-03 7.5276663e-04
-2.2990285e-03 -1.0467205e-02 4.4668237e-03
-8.6930286e-03 3.3903925e-03 -6.0466662e-05
2.7394797e-03 -4.2660555e-03 1.0908411e-03
5.6691790e-03 8.5646692e-03 1.6974837e-03
-5.7836129e-03 6.7111773e-03 -2.1632532e-03
-1.2177223e-03 9.0550919e-03 -3.6978120e-03
9.7404361e-03 -4.8502828e-03 5.4233218e-04
4.8063882e-03 7.5328959e-03 -6.4321843e-03
4.8127228e-03 -7.6410807e-03 -9.8206321e-04
-2.8410303e-03 -4.9213317e-03 -1.3133304e-03
7.6304738e-03 -1.4557157e-03 2.1085165e-04
-7.4532873e-03 -7.1471715e-03 6.4327237e-03
-2.4109408e-03 5.7056055e-03 -6.9679803e-03
-3.6590326e-03 1.2205178e-03 -2.0100311e-03
-4.5267862e-03 -1.0238220e-02 4.5786912e-03
2.9903720e-03 9.9848039e-03 -2.3292466e-03
2.3035608e-03 8.6877743e-04 -6.2255227e-04
-9.8599496e-03 2.6317799e-04 3.5599034e-03
-7.1065395e-03 -5.9810083e-03 1.4712013e-03
-6.3952493e-03 -3.0976385e-03 2.4441394e-03
2.7743594e-03 -9.2283239e-03 8.9439756e-04
-7.1119779e-04 5.5634011e-03 -5.9496880e-03
4.9725122e-03 -2.0342740e-03 1.4946060e-03
7.7899431e-03 -5.9070015e-04 5.7561938e-03
-1.1979394e-03 -3.0059118e-03 -5.8219094e-04
-5.7717427e-03 -6.6300113e-03 -1.4577792e-03
7.4716802e-03 6.2394117e-03 -2.4858256e-04
-7.1223569e-03 6.5236266e-03 3.9510502e-04
4.3544252e-03 9.4005463e-03 -4.1708549e-03
6.9202470e-03 4.8584283e-03 -5.8175187e-03
3.0188146e-03 4.4709959e-03 -6.3822493e-03
7.5576260e-03 -7.6091851e-03 4.2312433e-03
-5.6017611e-03 1.8842526e-03 -3.3125257e-03
3.7511166e-03 3.5068560e-04 9.0652508e-04
-6.8077845e-03 -4.9263471e-03 8.3998930e-03
-6.4872849e-03 -9.3730604e-03 4.1118098e-03
1.2468580e-03 5.2472120e-03 -5.9458011e-03
-1.7926017e-03 -1.0251815e-02 2.2684243e-03
-4.3164958e-03 7.5958012e-03 -3.5402128e-03
4.0445496e-03 -5.8329658e-03 -5.8664569e-05
-5.2208881e-03 6.8149922e-03 3.2274566e-03
-3.4546395e-03 -1.0027625e-02 6.7570448e-03
-7.5417672e-03 2.7393953e-03 -1.7266293e-03
3.7904298e-04 3.4474635e-04 -7.3042359e-04
6.5708888e-03 6.0045048e-03 3.7648303e-03
7.6597296e-03 4.8883473e-03 -2.9160139e-03
6.1184045e-03 1.0440702e-03 -3.0439205e-04
-3.0489358e-03 8.8818878e-03 -2.5312854e-03
-7.9252922e-03 -9.9530048e-04 7.4342688e-03
4.7523689e-03 5.0426251e-03 -7.5642950e-03
-1.4279692e-03 -6.7441748e-03 -1.0576783e-03
1.8112053e-04 -1.0190148e-02 2.6506587e-03
7.9013124e-04 -3.4699668e-03 8.5095357e-04
1.3186633e-03 9.7746084e-03 2.8232295e-06
-5.9930760e-03 -5.8118068e-04 1.7472527e-03
-8.0197461e-03 -2.0883348e-03 4.3921633e-03
1.0589855e-03 1.0027284e-02 -3.1560875e-03
7.9187263e-03 3.9993064e-04 9.9331892e-04
7.5700761e-03 -7.4628155e-03 8.8432770e-04
2.2351252e-03 -6.9052952e-03 -3.3612691e-04
-9.2908472e-03 1.3043444e-03 5.7155498e-04
8.8717197e-03 -6.0165529e-03 4.5260949e-03
6.4834097e-03 7.1701697e-03 -4.1798576e-03
4.5059097e-05 -5.7398550e-03 -7.6917823e-05
-4.4904585e-03 6.1489685e-03 -5.0729983e-03
-5.7259425e-04 9.6033739e-03 -1.6288242e-03
5.1353763e-03 -8.9043914e-03 2.6124431e-03
-3.6500715e-03 -8.7293722e-03 -6.0094810e-04
-4.6246015e-03 7.9929788e-03 2.9753179e-04
9.4583048e-03 -2.4732260e-03 2.0123590e-03
6.4723578e-03 7.9139360e-03 -1.6329692e-03
9.1863457e-03 -6.5656027e-03 2.6079753e-03
-4.4351363e-03 3.5966006e-03 -6.3512318e-03
-7.1741671e-03 -8.0752245e-03 2.3634959e-03
3.8680705e-03 1.6242289e-03 -1.9928203e-03
-6.4675263e-03 -6.8992254e-03 8.4681509e-03
-6.3487549e-03 4.1805308e-03 -4.1383963e-03
-5.3000002e-03 -4.3554580e-03 -5.1274930e-04
9.4246295e-03 -3.9642671e-03 4.3383992e-03
-1.5134395e-03 7.4499688e-03 -5.1071463e-03
2.7611962e-03 9.4454149e-03 -6.8423505e-03
-1.3378553e-03 3.2473684e-03 -5.9965851e-03
-1.0723835e-03 1.2849264e-03 -2.3782582e-03
-3.4508465e-03 -7.2622141e-03 -2.1100628e-03
-1.6156941e-03 -6.0412356e-04 -1.1529738e-03
-9.1956177e-03 6.2839951e-04 6.0167683e-03
4.4849538e-04 3.6046698e-03 -5.1147512e-03
5.9503996e-03 -1.8409907e-04 1.2390218e-03
-9.0377739e-03 4.6360604e-03 1.5024235e-03
6.9666015e-03 7.0033230e-03 1.9493930e-03
9.0682301e-03 -3.2268546e-03 -1.8046917e-03
2.5638344e-03 9.9998185e-03 -4.8598592e-03
7.4903824e-04 2.0270595e-03 -3.8102274e-03
-6.5964785e-03 6.2410907e-04 -5.3052213e-04
-5.0709434e-03 -2.3470463e-03 5.7542177e-04
-8.0255482e-03 -8.1081406e-04 2.5969646e-03
9.3787891e-05 -1.0170518e-02 4.9722058e-03
-3.7770154e-03 -1.2233772e-03 -4.1737303e-04
6.8786157e-03 2.5242575e-03 -4.0037926e-03
4.4859595e-03 9.5706104e-03 -9.0366337e-04
-9.7051216e-03 2.9425315e-03 3.6270325e-03
6.6361534e-04 8.8827405e-03 -5.7451868e-03
-3.4564114e-03 -9.4799806e-03 1.4004631e-03
5.9745762e-03 -4.3710507e-03 -3.1002975e-05
8.5085111e-03 4.7687586e-04 2.9733595e-03
3.7519566e-03 2.8288906e-03 -5.2931134e-03
7.0381921e-03 2.7192319e-03 5.2157839e-03
-7.7147910e-03 -5.2847785e-03 4.1935211e-03
1.4680468e-03 -8.9074285e-03 -7.4204789e-04
-7.8294177e-03 5.3108276e-03 3.9544874e-03

'a05

-4.3224880e-03 -7.8218439e-03 6.7247737e-03
1.9158858e-03 4.0198092e-03 -5.9350994e-03
7.0324281e-03 -4.3442304e-03 -9.6939565e-04
-6.0739671e-03 2.3264632e-03 4.8748086e-03
6.4941396e-03 2.3918465e-03 3.9686987e-04
-2.0152669e-03 -2.2076587e-03 -5.2985724e-04
4.7413508e-03 3.3238795e-03 -5.1080470e-03
-2.2645601e-03 -7.3229556e-03 1.4134137e-03
-6.6291777e-03 3.9777836e-03 -7.9328012e-04
-1.5932127e-03 7.1304652e-03 -2.1656822e-04
2.0409678e-03 -7.6660558e-03 2.6230933e-03
-6.1497582e-03 -2.6488398e-03 3.3251571e-03
7.0121950e-03 -1.3202239e-03 4.0336492e-03
4.8434333e-03 1.9231584e-03 -9.1430142e-04
4.4763687e-04 -7.8736204e-04 1.6247666e-03
-4.7494592e-03 -6.4662527e-03 2.2837451e-05
-2.7192396e-03 3.0346245e-03 -6.7303342e-03
4.7233771e-03 1.2726967e-04 1.0958883e-03
-2.4283667e-03 -8.2244757e-03 3.1341572e-03
-6.2710843e-03 1.7997412e-03 2.0863632e-04
1.7919420e-03 -2.7028125e-03 1.9838387e-03
4.2353991e-03 4.7403264e-03 2.9271671e-03
-3.7424296e-03 6.3593237e-03 -4.6966389e-04
-1.3570658e-03 7.6680802e-03 -2.3550604e-03
8.3031747e-03 -3.4654219e-03 1.1476969e-03
2.8306951e-03 5.4327039e-03 -5.7187652e-03
4.2972259e-03 -5.2023022e-03 -8.0650674e-04
-2.9003076e-03 -3.7796567e-03 -1.0825183e-03
7.8463904e-03 -1.7364973e-03 -3.1966959e-04
-6.0178158e-03 -6.6603477e-03 5.0029645e-03
-1.5201166e-03 4.2581535e-03 -6.4690152e-03
-3.0032330e-03 2.0099369e-03 -3.4587690e-03
-3.4890461e-03 -8.3130787e-03 5.1766802e-03
1.7306740e-03 8.1830125e-03 -1.6050204e-03
2.6581484e-03 1.6691950e-03 1.3542473e-04
-7.0482669e-03 7.6245183e-05 2.8853070e-03
-5.8527857e-03 -5.0675960e-03 9.5678192e-04
-5.4875332e-03 -3.5033086e-03 6.1331442e-04
4.2603502e-03 -6.9318857e-03 1.5029519e-03
-5.3292823e-04 4.9381855e-03 -5.0856247e-03
3.9121587e-03 -1.9256705e-03 1.0397021e-03
6.4043570e-03 1.8526513e-04 4.2895192e-03
-1.2522843e-03 -4.4238159e-04 -1.3492329e-04
-3.9121469e-03 -4.6438018e-03 -2.0081113e-03
5.8620788e-03 4.0460519e-03 -2.5309186e-04
-5.7105987e-03 5.1043465e-03 6.8997515e-04
3.1362461e-03 7.6529098e-03 -3.5834633e-03
4.4225376e-03 5.4451395e-03 -3.8286448e-03
2.6319281e-03 2.4692118e-03 -4.7052471e-03
3.8789839e-03 -7.1012928e-03 3.6277177e-03
-5.1033006e-03 3.6245654e-03 -3.5476526e-03
2.6735497e-03 -2.5548419e-05 1.7820369e-03
-6.6462685e-03 -3.2726069e-03 5.8261818e-03
-4.2484966e-03 -7.7683741e-03 3.6001201e-03
7.0987504e-04 3.7501218e-03 -4.6987274e-03
-3.7573406e-04 -8.0245340e-03 2.5908194e-03
-4.0835685e-03 5.3011567e-03 -4.6502338e-03
2.8303565e-03 -4.2296915e-03 5.1156750e-04
-4.0738547e-03 5.4529137e-03 2.0228820e-03
-1.5220919e-03 -7.7453361e-03 4.7132979e-03
-5.0545712e-03 1.8697537e-03 -2.0524370e-03
1.1120479e-03 7.2442817e-04 1.0800379e-03
5.0651635e-03 3.1265227e-03 4.0228903e-03
5.4827061e-03 4.0309217e-03 -2.5765952e-03
6.5992471e-03 -1.4695300e-03 -1.3658385e-03
-3.2982573e-03 6.9891066e-03 -2.8007322e-03
-6.1018166e-03 -1.3678765e-03 5.7750247e-03
3.2177994e-03 3.5482747e-03 -6.9622959e-03
-1.3771181e-03 -4.0867606e-03 -3.3006231e-04
6.0659410e-04 -7.3738046e-03 7.5105621e-05
-8.2853701e-05 -2.6213987e-03 6.6851450e-04
2.6958719e-03 6.6781629e-03 1.4875018e-03
-4.5862378e-03 -5.3473432e-04 9.6039716e-04
-6.3364708e-03 -1.1326710e-03 3.9188463e-03
7.2651445e-04 8.3085437e-03 -3.0578551e-03
6.5882238e-03 4.0038384e-04 9.8876077e-05
6.6082222e-03 -5.6898319e-03 8.0126756e-04
2.6997598e-03 -6.6924828e-03 -2.4632313e-04
-5.7414821e-03 6.5299956e-04 1.5476931e-03
5.8376331e-03 -5.9022385e-03 3.9060239e-03
4.4149131e-03 5.8913668e-03 -1.8597585e-03
4.5336312e-04 -4.5381695e-03 7.7890433e-04
-3.1939164e-03 4.7061624e-03 -6.0681210e-03
8.1312462e-04 7.7168029e-03 -2.9899016e-04
6.0240530e-03 -6.3092142e-03 2.1891322e-03
-1.5839516e-03 -6.0974548e-03 -1.0608670e-03
-2.8148861e-03 6.3599998e-03 9.7725570e-04
7.7047160e-03 -1.1050855e-03 2.3160737e-03
3.2800179e-03 7.3956348e-03 -1.0733703e-03
7.3810780e-03 -5.0060037e-03 2.7340907e-03
-3.8715461e-03 2.9706286e-03 -5.4632192e-03
-6.1307183e-03 -5.5914421e-03 2.6392964e-03
3.2489173e-03 2.1299877e-03 -1.4322688e-03
-6.5937409e-03 -4.8972753e-03 6.8422627e-03
-5.3834739e-03 5.5830372e-03 -2.1325444e-03
-5.1820678e-03 -4.7767518e-03 -7.5470602e-04
7.3089454e-03 -3.0968228e-03 3.9230804e-03
-1.4456162e-03 6.1519997e-03 -4.3059737e-03
2.4376089e-03 7.6425856e-03 -5.9709932e-03
-5.3968409e-04 1.7774020e-03 -2.4518581e-03
-4.5446966e-05 1.0364937e-03 -9.2230758e-05
-3.4349230e-03 -6.3602175e-03 -1.4306713e-03
-2.7393718e-03 7.5628948e-04 -8.2582119e-04
-6.6173818e-03 3.2334484e-04 4.8224785e-03
-1.1868863e-03 2.4259510e-03 -4.8053153e-03
5.5096687e-03 -1.0924326e-03 1.7358838e-04
-7.2402510e-03 3.6406400e-03 1.6145651e-03
5.4631672e-03 4.1721405e-03 1.6184671e-03
6.8606358e-03 -2.5432788e-03 -2.5691803e-03
1.2348882e-03 8.0174932e-03 -4.6855943e-03
1.8771543e-03 2.2044710e-03 -2.4602660e-03
-4.6720631e-03 1.0637063e-03 -3.1645061e-04
-4.2954802e-03 -2.1308393e-03 -9.3285305e-04
-5.3859564e-03 -1.9763214e-03 1.8039712e-03
8.4218326e-04 -7.7556011e-03 3.7141710e-03
-3.0735402e-03 -9.7772465e-04 -1.4427955e-03
4.4056914e-03 2.2256717e-03 -3.0829980e-03
4.4217109e-03 5.7929114e-03 2.2792048e-04
-7.5292068e-03 2.0540193e-03 3.0188400e-03
8.2950634e-04 6.1372165e-03 -5.0659348e-03
-4.8660064e-03 -6.9471892e-03 2.0344195e-03
5.3621090e-03 -2.4839037e-03 -7.2126187e-04
6.9972713e-03 6.5792830e-04 1.9994910e-03
3.8371931e-04 2.2388276e-03 -3.8573841e-03
6.3198859e-03 2.4386419e-03 2.4036299e-03
-6.5775885e-03 -4.6472028e-03 4.5113600e-03
1.2327152e-03 -5.8912205e-03 -5.3535918e-05
-5.6353481e-03 4.1851860e-03 3.3955186e-03
