[Individuals]
5
[landmarks]
64
[dimensions]
3
[names]
a01
a02
a03
a04
a05

[rawpoints]

'a01

-9.2170252e-02 -1.0228582e-01 6.4167136e-02
5.0037618e-02 1.4048139e-01 -5.7790518e-03
1.1167000e-01 -8.6012908e-02 6.3457241e-02
-5.7839908e-02 -1.9835865e-02 -9.4770629e-02
-8.6808150e-02 9.1112968e-02 3.4555597e-02
3.2548313e-02 -1.3515410e-01 1.3466941e-02
-1.4298773e-03 4.5570604e-03 -2.0869909e-02
9.0106030e-02 6.7097618e-02 5.4936000e-02
-5.6887164e-02 1.2531855e-01 -5.1308363e-02
4.7629479e-02 5.7044651e-02 -1.0305941e-01
-1.0889603e-01 -1.5471327e-02 5.0340257e-03
8.9524442e-02 -5.9268156e-02 -2.4261972e-02
8.0689087e-02 -1.1523289e-01 9.5037011e-02
-1.8391062e-02 -8.4305652e-02 2.7345797e-02
-2.1404715e-02 1.4007899e-01 -5.4016098e-03
-1.0208130e-01 4.4292918e-02 -4.4470353e-02
7.4482547e-02 5.9408057e-02 1.6610102e-03
6.4845037e-04 -1.4729492e-01 5.6292634e-02
-2.9336245e-02 7.1913818e-02 -8.8217537e-02
-8.6896945e-02 -1.0077612e-01 -9.0601499e-04
1.0279415e-01 -3.0185158e-02 1.4066661e-02
-7.4873486e-02 -3.6821227e-02 -3.9555737e-02
3.9377830e-02 1.2932337e-01 -5.0788858e-02
9.6586998e-02 1.5744812e-02 7.6562484e-02
5.6854733e-02 1.0754687e-01 6.0750545e-02
6.2620824e-02 9.5113005e-02 -6.2637836e-02
6.8074832e-02 -1.1164167e-01 1.2156168e-02
1.5997738e-02 -2.9906609e-02 1.1235734e-02
-8.2190742e-02 -3.9391881e-02 7.4659812e-02
-8.3450635e-02 1.0390293e-01 -5.1716937e-03
-1.0004437e-01 4.8519051e-03 5.3191183e-02
1.8403236e-03 3.6735357e-02 -7.3549428e-02
-3.7314176e-02 -1.4320390e-01 1.2729982e-02
1.0279458e-01 -8.1441155e-02 1.0735248e-01
-1.1144035e-01 3.3444768e-02 5.9727137e-03
-8.0007026e-02 8.1115230e-02 -6.7316582e-02
3.4956267e-03 1.3549472e-01 -7.0768230e-02
6.9571313e-02 1.3505625e-02 2.9075141e-02
-2.5602069e-02 1.3001743e-02 -1.0757668e-01
-3.1169204e-02 -1.8984224e-02 -3.4022362e-03
-9.8909975e-02 5.5277840e-02 4.9365309e-02
4.2757992e-02 -1.2926146e-01 8.8312444e-02
5.9182783e-02 -1.4374306e-02 -1.3693088e-02
8.1265274e-02 1.0801429e-01 1.3440296e-02
1.0745777e-01 -8.2408775e-02 1.7999605e-02
4.6502407e-02 -7.5204633e-02 -1.3774356e-03
-5.9018389e-02 -5.6169924e-02 1.2859840e-02
-1.0069752e-01 -6.2676690e-02 3.3680262e-02
7.3137895e-02 9.1825620e-02 -2.3185361e-02
2.9581098e-02 3.2321185e-02 -2.4108857e-02
3.7199674e-02 1.3303589e-01 3.2615512e-02
-2.3107765e-02 -5.3395621e-03 -5.3882984e-02
-5.3072965e-02 1.0705459e-01 -1.0249056e-01
-4.6096531e-02 -1.0660485e-01 -4.5671396e-03
-4.3802330e-02 -1.4189984e-01 8.1985182e-02
-9.2247281e-02 4.6575965e-03 -7.1352127e-02
9.8784851e-02 -2.2795642e-02 1.0420395e-01
1.1368959e-01 -3.9023514e-02 6.4530774e-02
8.1743345e-02 -1.1874603e-01 5.1171728e-02
-7.4103994e-02 -1.4062357e-01 4.3246348e-02
6.4471191e-02 4.9555878e-02 -5.0779528e-02
-6.1385383e-02 4.3737060e-02 -1.0378087e-01
-1.0257875e-01 6.8684761e-02 -1.2265318e-02
1.0135795e-02 8.7091331e-02 -8.5822141e-02

'a02

-9.2041012e-02 -1.1692137e-01 7.7697885e-02
5.2705381e-02 1.3433844e-01 -2.1144442e-02
1.1708410e-01 -5.6864814e-02 6.3744504e-02
-8.2286135e-02 -2.7306899e-03 -9.4618896e-02
-9.3395169e-02 8.3652157e-02 4.7207712e-02
2.0763353e-02 -1.3452293e-01 -2.7143040e-03
1.9171755e-02 5.1691773e-03 -4.7746013e-03
9.5496740e-02 7.0007943e-02 8.1054216e-02
-6.5322692e-02 1.2249977e-01 -7.5882063e-02
2.9742836e-02 5.8271916e-02 -1.1198302e-01
-1.0486902e-01 -2.6229951e-02 1.5107391e-02
8.9877298e-02 -7.1922545e-02 -2.8047551e-02
5.8261752e-02 -1.2486081e-01 8.4550290e-02
-2.5671245e-02 -6.3767923e-02 2.7830283e-02
-2.8170561e-02 1.2692829e-01 7.3645810e-03
-1.0681183e-01 5.6181939e-02 -3.1866397e-02
8.3282121e-02 6.0553578e-02 -1.2550299e-03
-1.6914363e-02 -1.3801159e-01 6.7128041e-02
-3.2388853e-02 4.9207103e-02 -6.7299552e-02
-9.0349243e-02 -9.8261207e-02 3.7918327e-03
8.3674146e-02 -7.4584909e-03 2.4515999e-02
-5.0289694e-02 -1.0464843e-02 -3.1401408e-02
1.0750012e-02 1.1510693e-01 -7.4970635e-02
1.0128808e-01 2.9852127e-03 9.3486490e-02
7.2269548e-02 1.1893691e-01 4.1745327e-02
6.6212323e-02 8.2208959e-02 -6.4189319e-02
7.7701016e-02 -1.0815335e-01 2.4013910e-02
3.0850895e-02 -6.8566214e-02 -2.3049653e-03
-1.0414680e-01 -5.1361619e-02 7.3305223e-02
-8.8279053e-02 1.1217602e-01 -9.6841931e-03
-9.5299645e-02 2.1090106e-02 5.4432356e-02
2.4268085e-02 3.1586986e-02 -6.0748895e-02
-4.2232770e-02 -1.2136721e-01 1.9591567e-02
1.0295264e-01 -9.7594640e-02 9.6501498e-02
-1.0342582e-01 2.8194985e-03 -3.4573474e-02
-8.2172361e-02 7.2931438e-02 -7.3929356e-02
-2.2266684e-02 1.3344432e-01 -4.2338544e-02
1.0138083e-01 3.7338752e-02 4.4329974e-02
-3.5957891e-02 9.1502209e-04 -7.7974514e-02
-2.4021523e-02 -1.7507696e-02 8.2883758e-03
-1.0948057e-01 4.8031027e-02 1.7521376e-02
3.6478994e-02 -1.3349649e-01 4.3132875e-02
6.4635565e-02 -3.5077109e-02 -1.1654213e-02
1.0531592e-01 8.5693904e-02 3.7306908e-02
1.0551750e-01 -6.0688607e-02 1.4837796e-02
5.6315229e-02 -1.0578636e-01 -1.7757195e-02
-7.2677186e-02 -5.7932063e-02 2.6926275e-02
-1.1531396e-01 -8.2410769e-02 3.9237355e-02
8.1413508e-02 1.0555116e-01 -1.2587399e-03
4.9549391e-02 3.5979649e-02 -1.7988452e-02
1.6203740e-02 1.3790376e-01 4.7292308e-03
-1.3441785e-02 1.2545932e-02 -3.9109591e-02
-3.1816273e-02 9.2071426e-02 -7.6522659e-02
2.1563713e-03 -9.9902272e-02 1.6201846e-02
-6.1492715e-02 -1.3909986e-01 5.6335596e-02
-9.9817212e-02 2.8186135e-02 -6.8839210e-02
1.0130168e-01 -4.2403160e-02 9.9771262e-02
1.1340500e-01 -1.4790725e-02 5.8404550e-02
1.0720680e-01 -9.4120826e-02 5.0296921e-02
-9.2209200e-02 -1.2222298e-01 3.6343540e-02
5.7407211e-02 4.8287018e-02 -8.4432420e-02
-6.2280476e-02 3.1793511e-02 -9.0196553e-02
-9.3773591e-02 1.0214413e-01 -4.9213209e-02
3.9755173e-03 7.7960987e-02 -8.8059582e-02

'a03

-1.0469607e-01 -1.0477627e-01 5.0823478e-02
6.6045475e-02 1.1348008e-01 -2.4840730e-02
1.2169849e-01 -6.5609986e-02 7.0970574e-02
-4.5899623e-02 2.0613906e-02 -7.0660269e-02
-9.5856488e-02 6.9982346e-02 4.1503755e-02
1.2712806e-02 -1.0183687e-01 4.4968303e-05
1.9213332e-02 1.9731922e-02 -1.5892548e-02
1.0923434e-01 6.0504209e-02 7.6676106e-02
-7.7376180e-02 9.9212619e-02 -7.9115907e-02
1.7782975e-02 5.8616533e-02 -7.9373773e-02
-1.2231912e-01 -3.6297756e-02 6.5293521e-03
9.2865940e-02 -4.8585128e-02 -2.0065736e-03
5.7178265e-02 -1.2332834e-01 9.3334281e-02
-5.4898620e-02 -6.6352798e-02 1.6354787e-03
-6.0863048e-03 1.2680599e-01 -1.1542422e-02
-1.1051506e-01 7.0180289e-02 -5.5630383e-03
1.1956733e-01 6.0765284e-02 9.2476110e-03
1.4272995e-02 -1.1334554e-01 7.4695471e-02
-2.8584437e-02 6.0006354e-02 -9.0175934e-02
-1.2879627e-01 -9.0732106e-02 1.1526505e-02
7.9583016e-02 1.9014333e-02 3.2379136e-02
-8.0161531e-02 -3.4507414e-02 -4.9597190e-04
2.6980271e-02 1.2615371e-01 -4.3627843e-02
1.1023739e-01 -1.2494617e-03 9.2866199e-02
6.9221496e-02 1.1351172e-01 1.6906155e-02
4.1970820e-02 3.7561973e-02 -4.7228576e-02
5.7116715e-02 -1.0568648e-01 1.0050999e-02
1.3770504e-02 -2.9311167e-02 3.6874269e-03
-1.0799661e-01 -1.6094861e-02 5.5809944e-02
-6.2077588e-02 1.0983260e-01 1.2310131e-02
-1.0638711e-01 2.6217932e-02 4.7751364e-02
6.2916009e-02 3.2684652e-02 -7.2684518e-03
-3.4215368e-02 -1.1654100e-01 -6.2343673e-03
9.0938697e-02 -1.0770669e-01 1.1114438e-01
-1.0243650e-01 -6.2834704e-02 -4.1576905e-02
-9.8983247e-02 5.7524864e-02 -6.7841820e-02
-4.5465896e-02 1.2954206e-01 -6.1821077e-02
1.2235150e-01 2.7862363e-02 3.5531241e-02
-5.1210997e-02 -1.8309997e-03 -1.9515824e-03
-2.7538993e-02 -3.7024795e-02 1.6675975e-02
-1.1983374e-01 2.4931823e-02 3.0942432e-03
4.9801166e-02 -1.3358452e-01 5.0261263e-02
5.2411424e-02 -1.0918200e-02 -1.1901414e-02
1.0659438e-01 9.0833325e-02 3.1681169e-02
9.9424482e-02 -9.0805124e-02 5.1326697e-03
5.6788141e-02 -5.9200242e-02 -1.4577729e-02
-7.9980519e-02 -9.9792176e-02 -2.1918616e-02
-1.1807278e-01 -6.4852106e-02 5.5676415e-02
5.6788173e-02 1.0183285e-01 -6.4228981e-02
9.0551860e-02 7.1688143e-02 -1.6575544e-02
3.3404459e-02 1.2430528e-01 -2.7989365e-03
-3.3789075e-03 2.6832169e-02 -5.6617100e-02
-5.1310530e-02 9.9154372e-02 -1.1659992e-01
1.0948200e-02 -1.2538211e-01 3.4221040e-02
-2.9139686e-02 -1.1758722e-01 5.4308319e-02
-8.6802674e-02 1.0188725e-02 -5.4604739e-02
1.1088342e-01 -6.9548414e-02 1.1196952e-01
8.7854011e-02 -2.2592422e-02 2.7160519e-02
9.7395223e-02 -1.1371071e-01 6.0175102e-02
-7.8462003e-02 -1.2354248e-01 2.0282894e-02
6.4521375e-02 6.5108602e-02 -8.3103865e-02
-7.8185577e-02 3.9391066e-02 -1.1286618e-01
-9.1658862e-02 9.8278427e-02 -3.8819141e-02
5.3026159e-03 1.0281756e-01 -7.4233729e-02

'a04

-7.9981300e-02 -1.1356716e-01 5.9243846e-02
4.6387147e-02 1.1711992e-01 -7.1208940e-03
1.1655044e-01 -4.6553242e-02 6.0764465e-02
-4.9491433e-02 2.3227965e-02 -7.8773061e-02
-9.8709981e-02 6.7827293e-02 3.8144587e-02
3.3328932e-02 -1.1409987e-01 4.0960492e-03
-1.2962159e-03 3.2628176e-03 -1.3886470e-02
1.0399394e-01 7.1993800e-02 7.6768435e-02
-7.3464421e-02 1.0962447e-01 -7.1239632e-02
1.7184865e-02 4.0144548e-02 -8.7122372e-02
-1.1094780e-01 -1.0510586e-02 3.3111931e-02
8.4753021e-02 -4.4958165e-02 -4.0251530e-03
5.6976808e-02 -1.2751896e-01 6.8556490e-02
-2.2571228e-02 -6.1269325e-02 1.4922359e-02
-3.6256235e-02 1.2614255e-01 -1.4845474e-02
-1.0919403e-01 6.4595444e-02 -1.6136231e-02
1.2368949e-01 4.0321595e-02 5.4021378e-03
-1.1636470e-02 -1.3092228e-01 6.1611361e-02
-2.1725174e-02 6.0409716e-02 -8.9448623e-02
-1.1351472e-01 -8.6231537e-02 6.1124899e-03
8.3929203e-02 8.8218304e-03 2.2249434e-02
-9.3428069e-02 -3.6782690e-02 -1.4673274e-03
2.4855380e-02 1.2213870e-01 -4.6469388e-02
1.0764906e-01 1.3892835e-02 9.9453989e-02
5.5596359e-02 1.0606008e-01 3.3607549e-02
8.0342826e-02 6.6330096e-02 -6.1762765e-02
7.1475814e-02 -1.1493725e-01 2.6742872e-02
1.7104264e-02 -7.5499968e-02 1.7378508e-03
-1.0030840e-01 -1.9976249e-02 7.1784602e-02
-9.1783737e-02 1.0158372e-01 7.8818921e-03
-9.7882015e-02 2.4901569e-02 6.1090794e-02
5.0680055e-02 2.3102745e-02 -3.0777938e-02
-4.1031258e-02 -1.1287875e-01 -9.7078197e-03
9.5750056e-02 -9.3754962e-02 1.1367025e-01
-1.0728315e-01 -6.5666671e-02 -2.6922415e-02
-9.6371804e-02 7.5128051e-02 -6.9520950e-02
-3.1856651e-02 1.2680145e-01 -5.7352147e-02
1.3218865e-01 3.1062150e-02 4.6752504e-02
-4.9823862e-02 1.0504400e-02 -3.3270152e-02
-4.6714074e-02 -2.9898972e-03 7.0103503e-03
-1.1131611e-01 1.5223356e-02 1.1371819e-03
2.4421897e-02 -1.3166928e-01 4.3177127e-02
2.7364339e-02 -3.7010464e-02 -7.6960013e-03
1.1204951e-01 8.4625115e-02 1.4083849e-02
1.0641795e-01 -9.6647743e-02 1.2450916e-02
6.7920803e-02 -8.9362606e-02 -2.2739727e-02
-6.4554822e-02 -7.1533659e-02 -9.6152806e-04
-1.1329533e-01 -6.9838441e-02 5.6058436e-02
6.5943685e-02 1.0041415e-01 -3.8298926e-02
9.8318267e-02 5.2682243e-02 -2.7500355e-02
7.1009953e-03 1.2450812e-01 -5.9665036e-03
-8.6245012e-03 2.1356541e-02 -5.7115016e-02
-5.1180593e-02 1.1122931e-01 -1.0658483e-01
-1.1268229e-02 -1.2699645e-01 1.7803736e-02
-4.4102526e-02 -1.2656139e-01 3.9738062e-02
-9.0761846e-02 1.3102250e-02 -6.2111879e-02
1.0163598e-01 -3.9604447e-02 1.1642302e-01
1.1296993e-01 -3.4667080e-03 5.9959346e-02
1.0996935e-01 -1.0347773e-01 6.3849433e-02
-7.8837858e-02 -1.1515469e-01 1.4255549e-02
5.7500479e-02 5.1762484e-02 -9.1324980e-02
-6.6805671e-02 4.7669925e-02 -1.1195444e-01
-7.7216706e-02 1.1495867e-01 -2.7714650e-02
9.1867205e-03 9.6911229e-02 -7.9835254e-02

'a05

-8.4891683e-02 -1.1863410e-01 6.2005088e-02
6.6470738e-02 1.0428814e-01 -3.8011717e-02
1.1134465e-01 -7.2989465e-02 5.2314219e-02
-4.0449685e-02 2.3616646e-02 -4.7616950e-02
-9.3836634e-02 6.0580038e-02 3.7805556e-02
2.1367442e-03 -7.9747565e-02 1.3850215e-02
-7.7106026e-03 1.2710330e-02 -5.1457349e-03
8.0870377e-02 5.7995018e-02 8.2586002e-02
-7.8345103e-02 1.0775909e-01 -7.2435644e-02
1.2719355e-02 6.6339869e-02 -1.1305669e-01
-1.2998296e-01 -4.7572972e-02 2.9370836e-02
9.6014374e-02 -4.2358376e-02 1.5996464e-02
8.4693419e-02 -1.1306008e-01 1.2075082e-01
-6.3666856e-02 -4.8745175e-02 1.2499921e-02
-3.0160222e-03 1.1779926e-01 -1.1099362e-02
-7.3606254e-02 9.6688862e-02 1.3554843e-02
9.1219833e-02 4.6945653e-02 5.3111100e-03
4.0903930e-02 -1.2283082e-01 8.4340073e-02
-2.4061622e-02 5.1482707e-02 -8.5227149e-02
-1.3039534e-01 -8.9081934e-02 1.1359193e-02
7.0749139e-02 3.3797824e-03 1.8281018e-02
-1.1431327e-01 -2.0526595e-02 -7.8984631e-03
2.8317933e-02 1.1966250e-01 -5.2462337e-02
9.2892537e-02 -1.8225439e-03 1.0091958e-01
6.9045440e-02 8.5939570e-02 5.5802912e-02
4.1216048e-02 3.6646468e-02 -5.9333983e-02
4.2891796e-02 -9.9465343e-02 -1.3498547e-02
3.6082768e-02 -3.3906141e-02 -7.6503227e-03
-1.1535632e-01 -2.0626978e-02 6.2464669e-02
-4.4297957e-02 1.1902546e-01 -1.5355767e-02
-1.1950257e-01 1.5320774e-02 2.9054295e-02
7.3656069e-02 4.2380873e-02 -3.3708846e-02
-5.2826935e-02 -1.3164232e-01 2.4327835e-02
1.1044210e-01 -8.9316348e-02 9.2627905e-02
-1.0568918e-01 -7.1460064e-02 -5.0121507e-02
-9.1587431e-02 6.6984080e-02 -7.5837895e-02
-4.1747692e-02 1.2718268e-01 -6.1873380e-02
1.0675674e-01 2.3183520e-02 5.2305316e-02
-5.4368979e-02 1.3874038e-02 -4.5558793e-03
-1.1522294e-02 -1.7727594e-02 2.4662661e-02
-1.1445721e-01 4.1466313e-02 -1.6292394e-02
5.5381764e-02 -1.1553905e-01 2.9579690e-02
3.8165544e-02 1.6950510e-02 -1.4507309e-02
9.9198020e-02 8.1386531e-02 2.8113917e-02
9.4711794e-02 -9.3836482e-02 8.0334842e-03
7.7116242e-02 -6.8231983e-02 -2.8322447e-02
-5.6689570e-02 -1.0497565e-01 -1.5812313e-02
-1.1855157e-01 -7.7759535e-02 5.8362786e-02
4.9035010e-02 9.3500295e-02 -8.1087945e-02
9.0798558e-02 8.3193796e-02 -1.2999984e-02
4.0738823e-02 1.0039084e-01 3.0222827e-02
5.4564028e-04 2.4986330e-02 -4.4727440e-02
-6.4151182e-02 1.0841846e-01 -1.1161775e-01
1.0099892e-02 -1.2719288e-01 4.4555621e-03
-1.5285294e-02 -1.3524643e-01 4.5863751e-02
-8.1187715e-02 1.4803971e-02 -6.0517171e-02
1.1175577e-01 -5.7222165e-02 1.2235199e-01
1.0084143e-01 -2.4268122e-02 6.1182924e-02
8.6868313e-02 -1.1451843e-01 6.8442793e-02
-9.4680425e-02 -1.1988526e-01 9.2052970e-03
5.4438816e-02 5.4052577e-02 -9.2811114e-02
-6.1828320e-02 3.7996498e-02 -1.2531499e-01
-8.2686918e-02 1.0471719e-01 -3.0425229e-02
2.5739990e-03 9.8541728e-02 -7.8679290e-02
