[Individuals]
5
[landmarks]
64
[dimensions]
3
[names]
a01
a02
a03
a04
a05

[rawpoints]

'a01

-9.0782762e-03 -1.0074606e-02 6.3201192e-03
4.9284374e-03 1.3836664e-02 -5.6920565e-04
1.0998897e-02 -8.4718108e-03 6.2501984e-03
-5.6969212e-03 -1.9537265e-03 -9.3343994e-03
-8.5501379e-03 8.9741394e-03 3.4035413e-03
3.2058345e-03 -1.3311955e-02 1.3264216e-03
-1.4083526e-04 4.4884605e-04 -2.0555743e-03
8.8749614e-03 6.6087560e-03 5.4109018e-03
-5.6030810e-03 1.2343206e-02 -5.0535990e-03
4.6912486e-03 5.6185926e-03 -1.0150800e-02
-1.0725676e-02 -1.5238429e-03 4.9582457e-04
8.8176781e-03 -5.8375960e-03 -2.3896743e-03
7.9474429e-03 -1.1349822e-02 9.3606367e-03
-1.8114211e-03 -8.3036552e-03 2.6934145e-03
-2.1082498e-03 1.3797030e-02 -5.3202964e-04
-1.0054462e-02 4.3626153e-03 -4.3800916e-03
7.3361320e-03 5.8513755e-03 1.6360060e-04
6.3868889e-05 -1.4507761e-02 5.5445230e-03
-2.8894630e-03 7.0831259e-03 -8.6889549e-03
-8.5588837e-03 -9.9259082e-03 -8.9237624e-05
1.0124674e-02 -2.9730764e-03 1.3854908e-03
-7.3746374e-03 -3.6266937e-03 -3.8960282e-03
3.8785054e-03 1.2737659e-02 -5.0024305e-03
9.5133020e-03 1.5507796e-03 7.5409946e-03
5.5998867e-03 1.0592791e-02 5.9836034e-03
6.1678158e-03 9.3681216e-03 -6.1694914e-03
6.7050064e-03 -1.0996107e-02 1.1973174e-03
1.5756915e-03 -2.9456408e-03 1.1066596e-03
-8.0953479e-03 -3.8798893e-03 7.3535916e-03
-8.2194406e-03 1.0233882e-02 -5.0938413e-04
-9.8538343e-03 4.7788666e-04 5.2390467e-03
1.8126202e-04 3.6182359e-03 -7.2442248e-03
-3.6752465e-03 -1.4104817e-02 1.2538350e-03
1.0124716e-02 -8.0215176e-03 1.0573644e-02
-1.0976278e-02 3.2941305e-03 5.8828031e-04
-7.8802636e-03 7.9894158e-03 -6.6303228e-03
3.4430051e-04 1.3345505e-02 -6.9702917e-03
6.8524017e-03 1.3302317e-03 2.8637456e-03
-2.5216667e-03 1.2806021e-03 -1.0595727e-02
-3.0699997e-03 -1.8698444e-03 -3.3510205e-04
-9.7421028e-03 5.4445712e-03 4.8622185e-03
4.2114332e-03 -1.2731561e-02 8.6983028e-03
5.8291872e-03 -1.4157922e-03 -1.3486958e-03
8.0041942e-03 1.0638829e-02 1.3237972e-03
1.0584015e-02 -8.1168230e-03 1.7728647e-03
4.5802380e-03 -7.4072536e-03 -1.3567003e-04
-5.8129952e-03 -5.5324367e-03 1.2666254e-03
-9.9181663e-03 -6.1733183e-03 3.3173254e-03
7.2036910e-03 9.0443318e-03 -2.2836339e-03
2.9135798e-03 3.1834636e-03 -2.3745933e-03
3.6639687e-03 1.3103322e-02 3.2124533e-03
-2.2759911e-03 -5.2591828e-04 -5.3071854e-03
-5.2274029e-03 1.0544304e-02 -1.0094772e-02
-4.5402614e-03 -1.0500007e-02 -4.4983879e-04
-4.3142950e-03 -1.3976374e-02 8.0751013e-03
-9.0858631e-03 4.5874831e-04 -7.0278024e-03
9.7297788e-03 -2.2452487e-03 1.0263531e-02
1.1197816e-02 -3.8436072e-03 6.3559357e-03
8.0512817e-03 -1.1695848e-02 5.0401411e-03
-7.2988466e-03 -1.3850668e-02 4.2595336e-03
6.3500671e-03 4.8809886e-03 -5.0015115e-03
-6.0461314e-03 4.3078662e-03 -1.0221860e-02
-1.0103458e-02 6.7650811e-03 -1.2080681e-03
9.9832151e-04 8.5780297e-03 -8.4530213e-03

'a02

-9.1410315e-03 -1.1612018e-02 7.7165472e-03
5.2344225e-03 1.3341790e-02 -2.0999553e-03
1.1628180e-02 -5.6475157e-03 6.3307704e-03
-8.1722282e-03 -2.7119783e-04 -9.3970534e-03
-9.2755193e-03 8.3078943e-03 4.6884229e-03
2.0621076e-03 -1.3360114e-02 -2.6957047e-04
1.9040384e-03 5.1337563e-04 -4.7418840e-04
9.4842363e-03 6.9528225e-03 8.0498804e-03
-6.4875078e-03 1.2166036e-02 -7.5362093e-03
2.9539028e-03 5.7872617e-03 -1.1121567e-02
-1.0415042e-02 -2.6050214e-03 1.5003870e-03
8.9261428e-03 -7.1429707e-03 -2.7855359e-03
5.7862523e-03 -1.2400522e-02 8.3970922e-03
-2.5495337e-03 -6.3330963e-03 2.7639580e-03
-2.7977527e-03 1.2605854e-02 7.3141164e-04
-1.0607992e-02 5.5796961e-03 -3.1648037e-03
8.2711443e-03 6.0138644e-03 -1.2464300e-04
-1.6798460e-03 -1.3706588e-02 6.6668056e-03
-3.2166913e-03 4.8869919e-03 -6.6838392e-03
-8.9730139e-03 -9.7587887e-03 3.7658497e-04
8.3100782e-03 -7.4073827e-04 2.4348007e-03
-4.9945092e-03 -1.0393134e-03 -3.1186235e-03
1.0676349e-03 1.1431818e-02 -7.4456910e-03
1.0059402e-02 2.9647570e-04 9.2845888e-03
7.1774332e-03 1.1812191e-02 4.1459274e-03
6.5758613e-03 8.1645635e-03 -6.3749472e-03
7.7168581e-03 -1.0741225e-02 2.3849358e-03
3.0639494e-03 -6.8096375e-03 -2.2891708e-04
-1.0343315e-02 -5.1009672e-03 7.2802910e-03
-8.7674134e-03 1.1140735e-02 -9.6178337e-04
-9.4646619e-03 2.0945589e-03 5.4059366e-03
2.4101791e-03 3.1370541e-03 -6.0332623e-03
-4.1943376e-03 -1.2053556e-02 1.9457319e-03
1.0224717e-02 -9.6925888e-03 9.5840237e-03
-1.0271711e-02 2.8001783e-04 -3.4336565e-03
-8.1609288e-03 7.2431687e-03 -7.3422767e-03
-2.2114105e-03 1.3252992e-02 -4.2048426e-03
1.0068613e-02 3.7082894e-03 4.4026210e-03
-3.5711495e-03 9.0875204e-05 -7.7440205e-03
-2.3856919e-03 -1.7387727e-03 8.2315809e-04
-1.0873038e-02 4.7701902e-03 1.7401314e-03
3.6229027e-03 -1.3258173e-02 4.2837313e-03
6.4192660e-03 -3.4836749e-03 -1.1574355e-03
1.0459426e-02 8.5106699e-03 3.7051268e-03
1.0479446e-02 -6.0272748e-03 1.4736122e-03
5.5929338e-03 -1.0506148e-02 -1.7635516e-03
-7.2179177e-03 -5.7535093e-03 2.6741767e-03
-1.1452379e-02 -8.1846062e-03 3.8968487e-03
8.0855634e-03 1.0482789e-02 -1.2501146e-04
4.9209862e-03 3.5733104e-03 -1.7865189e-03
1.6092706e-03 1.3695880e-02 4.6968245e-04
-1.3349678e-03 1.2459963e-03 -3.8841598e-03
-3.1598257e-03 9.1440521e-03 -7.5998300e-03
2.1415951e-04 -9.9217707e-03 1.6090826e-03
-6.1071346e-03 -1.3814670e-02 5.5949565e-03
-9.9133230e-03 2.7992994e-03 -6.8367500e-03
1.0060753e-02 -4.2112599e-03 9.9087595e-03
1.1262791e-02 -1.4689374e-03 5.8004341e-03
1.0647218e-02 -9.3475877e-03 4.9952269e-03
-9.1577350e-03 -1.2138547e-02 3.6094501e-03
5.7013837e-03 4.7956139e-03 -8.3853860e-03
-6.1853709e-03 3.1575650e-03 -8.9578495e-03
-9.3131022e-03 1.0144420e-02 -4.8875983e-03
3.9482757e-04 7.7426772e-03 -8.7456167e-03

'a03

-1.1178782e-02 -1.1187345e-02 5.4266085e-03
7.0519167e-03 1.2116682e-02 -2.6523356e-03
1.2994192e-02 -7.0054180e-03 7.5777876e-03
-4.9008705e-03 2.2010221e-03 -7.5446552e-03
-1.0234948e-02 7.4722709e-03 4.4315076e-03
1.3573928e-03 -1.0873495e-02 4.8014301e-06
2.0514777e-03 2.1068494e-03 -1.6969054e-03
1.1663350e-02 6.4602555e-03 8.1869881e-03
-8.2617376e-03 1.0593294e-02 -8.4474945e-03
1.8987532e-03 6.2587015e-03 -8.4750279e-03
-1.3060460e-02 -3.8756441e-03 6.9716279e-04
9.9156358e-03 -5.1876117e-03 -2.1424920e-04
6.1051324e-03 -1.3168218e-02 9.9656423e-03
-5.8617263e-03 -7.0847307e-03 1.7462604e-04
-6.4985701e-04 1.3539539e-02 -1.2324265e-03
-1.1800096e-02 7.4934059e-03 -5.9398593e-04
1.2766640e-02 6.4881315e-03 9.8740122e-04
1.5239798e-03 -1.2102317e-02 7.9755084e-03
-3.0520648e-03 6.4070977e-03 -9.6284141e-03
-1.3752048e-02 -9.6877986e-03 1.2307271e-03
8.4973694e-03 2.0302298e-03 3.4572387e-03
-8.5591396e-03 -3.6844827e-03 -5.2956733e-05
2.8807822e-03 1.3469893e-02 -4.6583042e-03
1.1770449e-02 -1.3340959e-04 9.9156635e-03
7.3910322e-03 1.2120061e-02 1.8051320e-03
4.4813779e-03 4.0106291e-03 -5.0427677e-03
6.0985604e-03 -1.1284531e-02 1.0731819e-03
1.4703270e-03 -3.1296604e-03 3.9372005e-04
-1.1531192e-02 -1.7185071e-03 5.9590317e-03
-6.6282509e-03 1.1727229e-02 1.3143977e-03
-1.1359341e-02 2.7993844e-03 5.0985877e-03
6.7177722e-03 3.4898598e-03 -7.7607917e-04
-3.6532999e-03 -1.2443509e-02 -6.6566618e-04
9.7098570e-03 -1.1500237e-02 1.1867292e-02
-1.0937520e-02 -6.7090910e-03 -4.4393182e-03
-1.0568803e-02 6.1421400e-03 -7.2437190e-03
-4.8545599e-03 1.3831680e-02 -6.6008623e-03
1.3063917e-02 2.9749663e-03 3.7938004e-03
-5.4679853e-03 -1.9550253e-04 -2.0837758e-04
-2.9404389e-03 -3.9532727e-03 1.7805548e-03
-1.2795087e-02 2.6620618e-03 3.3038365e-04
5.3174525e-03 -1.4263308e-02 5.3665788e-03
5.5961593e-03 -1.1657761e-03 -1.2707574e-03
1.1381472e-02 9.6986061e-03 3.3827142e-03
1.0615915e-02 -9.6955950e-03 5.4803391e-04
6.0634774e-03 -6.3210262e-03 -1.5565174e-03
-8.5398124e-03 -1.0655175e-02 -2.3403308e-03
-1.2607062e-02 -6.9244964e-03 5.9447743e-03
6.0634808e-03 1.0873066e-02 -6.8579631e-03
9.6685531e-03 7.6544050e-03 -1.7698314e-03
3.5667161e-03 1.3272529e-02 -2.9885268e-04
-3.6077830e-04 2.8649688e-03 -6.0452147e-03
-5.4786128e-03 1.0587075e-02 -1.2449800e-02
1.1689793e-03 -1.3387506e-02 3.6539055e-03
-3.1113507e-03 -1.2555217e-02 5.7986978e-03
-9.2682388e-03 1.0878874e-03 -5.8303476e-03
1.1839429e-02 -7.4259384e-03 1.1955395e-02
9.3804938e-03 -2.4122755e-03 2.9000278e-03
1.0399244e-02 -1.2141308e-02 6.4251156e-03
-8.3776748e-03 -1.3191082e-02 2.1656787e-03
6.8891830e-03 6.9518835e-03 -8.8733034e-03
-8.3481598e-03 4.2059281e-03 -1.2051135e-02
-9.7867517e-03 1.0493547e-02 -4.1448616e-03
5.6617968e-04 1.0978206e-02 -7.9262066e-03

'a04

-8.2812887e-03 -1.1758779e-02 6.1341263e-03
4.8029396e-03 1.2126633e-02 -7.3729958e-04
1.2067669e-02 -4.8201372e-03 6.2915717e-03
-5.1243584e-03 2.4050307e-03 -8.1561873e-03
-1.0220462e-02 7.0228590e-03 3.9495025e-03
3.4508880e-03 -1.1813936e-02 4.2410621e-04
-1.3421060e-04 3.3783316e-04 -1.4378094e-03
1.0767565e-02 7.4542605e-03 7.9486277e-03
-7.6065290e-03 1.1350552e-02 -7.3761737e-03
1.7793263e-03 4.1565790e-03 -9.0206775e-03
-1.1487570e-02 -1.0882694e-03 3.4284196e-03
8.7753542e-03 -4.6549824e-03 -4.1676560e-04
5.8993964e-03 -1.3203352e-02 7.0983603e-03
-2.3370319e-03 -6.3438450e-03 1.5450657e-03
-3.7539819e-03 1.3060839e-02 -1.5371050e-03
-1.1305984e-02 6.6882324e-03 -1.6707504e-03
1.2806848e-02 4.1749105e-03 5.5933903e-04
-1.2048437e-03 -1.3555733e-02 6.3792595e-03
-2.2494313e-03 6.2548408e-03 -9.2615383e-03
-1.1753349e-02 -8.9284402e-03 6.3288911e-04
8.6900558e-03 9.1341507e-04 2.3037133e-03
-9.6735714e-03 -3.8084911e-03 -1.5192754e-04
2.5735338e-03 1.2646279e-02 -4.8114549e-03
1.1146017e-02 1.4384685e-03 1.0297497e-02
5.7564643e-03 1.0981494e-02 3.4797361e-03
8.3187212e-03 6.8678388e-03 -6.3949359e-03
7.4006280e-03 -1.1900638e-02 2.7689653e-03
1.7709808e-03 -7.8172902e-03 1.7993761e-04
-1.0385963e-02 -2.0683470e-03 7.4326000e-03
-9.5033167e-03 1.0518010e-02 8.1609356e-04
-1.0134734e-02 2.5783162e-03 6.3253598e-03
5.2474287e-03 2.3920654e-03 -3.1867573e-03
-4.2483892e-03 -1.1687501e-02 -1.0051507e-03
9.9139907e-03 -9.7074180e-03 1.1769454e-02
-1.1108130e-02 -6.7991475e-03 -2.7875552e-03
-9.9783666e-03 7.7787818e-03 -7.1982208e-03
-3.2984476e-03 1.3129062e-02 -5.9382592e-03
1.3686854e-02 3.2161847e-03 4.8407689e-03
-5.1587782e-03 1.0876288e-03 -3.4448019e-03
-4.8367898e-03 -3.0957489e-04 7.2585385e-04
-1.1525704e-02 1.5762310e-03 1.1774417e-04
2.5286508e-03 -1.3633079e-02 4.4705732e-03
2.8333122e-03 -3.8320750e-03 -7.9684637e-04
1.1601641e-02 8.7621107e-03 1.4582461e-03
1.1018548e-02 -1.0006937e-02 1.2891717e-03
7.0325411e-03 -9.2526321e-03 -2.3544784e-03
-6.6840263e-03 -7.4066173e-03 -9.9556915e-05
-1.1730634e-02 -7.2310939e-03 5.8043080e-03
6.8278297e-03 1.0396913e-02 -3.9654827e-03
1.0179904e-02 5.4547359e-03 -2.8473953e-03
7.3523927e-04 1.2891610e-02 -6.1777364e-04
-8.9298354e-04 2.2112629e-03 -5.9137066e-03
-5.2992545e-03 1.1516717e-02 -1.1035827e-02
-1.1667160e-03 -1.3149252e-02 1.8434044e-03
-4.5663893e-03 -1.3104206e-02 4.1144914e-03
-9.3975098e-03 1.3566111e-03 -6.4310833e-03
1.0523421e-02 -4.1006567e-03 1.2054476e-02
1.1696942e-02 -3.5894402e-04 6.2082094e-03
1.1386261e-02 -1.0714116e-02 6.6109902e-03
-8.1628963e-03 -1.1923152e-02 1.4760240e-03
5.9536175e-03 5.3595038e-03 -9.4558169e-03
-6.9170800e-03 4.9357589e-03 -1.1591798e-02
-7.9950418e-03 1.1902856e-02 -2.8695835e-03
9.5119590e-04 1.0034219e-02 -8.2661671e-03

'a05

-7.0011179e-03 -9.7838948e-03 5.1136333e-03
5.4819207e-03 8.6007668e-03 -3.1348715e-03
9.1827254e-03 -6.0195279e-03 4.3144158e-03
-3.3359336e-03 1.9476928e-03 -3.9270264e-03
-7.7388187e-03 4.9961077e-03 3.1178691e-03
1.7621983e-04 -6.5768764e-03 1.1422437e-03
-6.3590256e-04 1.0482360e-03 -4.2437487e-04
6.6694760e-03 4.7829180e-03 6.8109657e-03
-6.4612137e-03 8.8870205e-03 -5.9738536e-03
1.0489803e-03 5.4711278e-03 -9.3239192e-03
-1.0719849e-02 -3.9233995e-03 2.4222477e-03
7.9184195e-03 -3.4933456e-03 1.3192474e-03
6.9847668e-03 -9.3241992e-03 9.9584632e-03
-5.2506812e-03 -4.0200725e-03 1.0308833e-03
-2.4873493e-04 9.7150447e-03 -9.1537757e-04
-6.0703952e-03 7.9740453e-03 1.1178840e-03
7.5230079e-03 3.8716638e-03 4.3801355e-04
3.3733957e-03 -1.0130004e-02 6.9556260e-03
-1.9843906e-03 4.2458400e-03 -7.0287842e-03
-1.0753859e-02 -7.3466929e-03 9.3680612e-04
5.8347656e-03 2.7873467e-04 1.5076573e-03
-9.4275513e-03 -1.6928527e-03 -6.5139563e-04
2.3354135e-03 9.8687086e-03 -4.3266312e-03
7.6609579e-03 -1.5030736e-04 8.3229572e-03
5.6942594e-03 7.0875384e-03 4.6021325e-03
3.3991364e-03 3.0222778e-03 -4.8933441e-03
3.5373373e-03 -8.2030249e-03 -1.1132412e-03
2.9757888e-03 -2.7962797e-03 -6.3093120e-04
-9.5135731e-03 -1.7011314e-03 5.1515354e-03
-3.6533051e-03 9.8161712e-03 -1.2664084e-03
-9.8555192e-03 1.2635224e-03 2.3961422e-03
6.0745035e-03 3.4952009e-03 -2.7800085e-03
-4.3567001e-03 -1.0856699e-02 2.0063454e-03
9.1082916e-03 -7.3660253e-03 7.6391334e-03
-8.7163122e-03 -5.8933964e-03 -4.1335802e-03
-7.5533242e-03 5.5242566e-03 -6.2544413e-03
-3.4429817e-03 1.0488906e-02 -5.1027711e-03
8.8043555e-03 1.9119724e-03 4.3136816e-03
-4.4838743e-03 1.1442084e-03 -3.7572878e-04
-9.5025729e-04 -1.4620157e-03 2.0339589e-03
-9.4394225e-03 3.4197761e-03 -1.3436531e-03
4.5673999e-03 -9.5286424e-03 2.4394722e-03
3.1475577e-03 1.3979287e-03 -1.1964350e-03
8.1809785e-03 6.7120439e-03 2.3185881e-03
7.8109941e-03 -7.7388061e-03 6.6253099e-04
6.3598681e-03 -5.6271727e-03 -2.3357858e-03
-4.6752562e-03 -8.6574664e-03 -1.3040602e-03
-9.7770886e-03 -6.4129212e-03 4.8132482e-03
4.0439755e-03 7.7110804e-03 -6.6874191e-03
7.4882649e-03 6.8610911e-03 -1.0721242e-03
3.3597791e-03 8.2793521e-03 2.4925124e-03
4.4999602e-05 2.0606523e-03 -3.6887251e-03
-5.2906242e-03 8.9413993e-03 -9.2052482e-03
8.3295007e-04 -1.0489748e-02 3.6745550e-04
-1.2605963e-03 -1.1153934e-02 3.7824380e-03
-6.6956473e-03 1.2209010e-03 -4.9909230e-03
9.2166312e-03 -4.7191799e-03 1.0090514e-02
8.3165123e-03 -2.0014209e-03 5.0458284e-03
7.1641330e-03 -9.4444713e-03 5.6445584e-03
-7.8084071e-03 -9.8870800e-03 7.5917178e-04
4.4896338e-03 4.4577802e-03 -7.6542428e-03
-5.0990550e-03 3.1336163e-03 -1.0334876e-02
-6.8192883e-03 8.6361514e-03 -2.5092047e-03
2.1228076e-04 8.1268533e-03 -6.4887745e-03
