[Individuals]
5
[landmarks]
128
[dimensions]
3
[names]
a01
a02
a03
a04
a05

[rawpoints]

'a01

-5.7106990e-02 -8.7259824e-02 6.6501854e-02
1.7483371e-02 9.1108586e-02 -5.9758567e-02
7.9967010e-02 -5.3325827e-02 -2.3559636e-03
-6.2436604e-02 5.5065717e-02 5.0688005e-02
5.5421533e-02 5.1087576e-02 4.6321294e-02
-3.7485505e-02 -2.1948501e-02 -1.1967036e-02
4.6148777e-02 4.6905931e-03 -6.4085793e-02
4.4595145e-03 -1.0163695e-01 -8.9770090e-04
-6.0642716e-02 5.6562567e-02 -3.8234610e-02
-1.3490129e-02 9.8669117e-02 1.0224581e-02
5.6472379e-02 -9.7377026e-02 5.1091832e-02
-7.1633978e-02 -1.6886310e-02 5.2642526e-02
6.2363761e-02 -1.9143252e-02 5.5945827e-02
6.2285687e-02 5.2670576e-02 -2.1043263e-02
2.5248507e-02 -8.2210891e-03 -4.6246558e-04
-5.7763881e-02 -8.0783343e-02 2.7196880e-03
-6.8225030e-03 2.9653358e-02 -4.7542364e-02
7.7719042e-02 8.7333459e-03 9.7310149e-03
-5.7133260e-03 -1.0637249e-01 5.2218957e-02
-6.3282845e-02 2.4042861e-02 4.0119330e-03
2.8835385e-02 -5.8123287e-02 1.5559579e-02
3.6428222e-02 8.6167543e-02 1.0653534e-02
-6.2644799e-02 8.4900425e-02 6.3828438e-03
-2.7952505e-02 9.6525247e-02 -3.7827194e-02
8.2181775e-02 -5.9184902e-02 4.4014098e-02
3.5999269e-02 4.9619442e-02 -6.5271249e-02
5.4100571e-02 -9.3301967e-02 1.4669281e-03
-1.6828429e-02 -6.2105017e-02 -7.3975142e-03
5.9824140e-02 -8.5315869e-03 -2.5350747e-02
-7.2020755e-02 -5.6576182e-02 3.8894474e-02
-4.1600946e-02 3.7161840e-02 -6.9206315e-02
-2.6292329e-02 1.6714754e-02 -1.4172827e-02
-3.3641076e-02 -1.0352416e-01 2.4702213e-02
1.5072975e-02 9.9719066e-02 -2.1762972e-02
1.8286537e-02 4.0606236e-03 -3.5646530e-02
-7.6969874e-02 2.1412603e-02 4.1675493e-02
-6.4989685e-02 -4.3843081e-02 4.2982012e-03
-5.1371755e-02 -8.8106759e-03 2.0096795e-02
2.7697491e-02 -1.0750410e-01 3.0170922e-02
-2.2355468e-02 6.3516461e-02 -5.2689807e-02
8.0853634e-02 -2.7704376e-02 2.5926256e-02
6.6271007e-02 1.6527199e-02 4.5101737e-02
-5.3391133e-03 -2.6294572e-02 6.6897520e-03
-4.8998152e-02 -5.7635105e-02 -2.4561939e-02
6.9576103e-02 4.2557861e-02 1.4401045e-02
-7.8056616e-02 5.4840471e-02 1.5887127e-02
4.0294189e-02 7.5528956e-02 -3.5468847e-02
6.4231234e-02 2.6087121e-02 -4.3774213e-02
1.7714001e-02 2.1919630e-02 -7.2208092e-02
7.8052872e-02 -8.7041758e-02 2.5204752e-02
-5.3037315e-02 2.4015041e-02 -3.3513428e-02
5.1454161e-02 -2.9596079e-02 9.5488443e-03
-6.6097965e-02 -4.6133227e-02 6.9113266e-02
-6.1127308e-02 -8.8173370e-02 3.4511609e-02
7.8875536e-03 6.1144653e-02 -5.3601558e-02
-2.4656383e-02 -9.2461111e-02 -1.7591976e-03
-5.1885961e-02 8.3438573e-02 -2.5934949e-02
5.3207666e-02 -6.5016158e-02 -7.4773821e-03
-5.3333455e-02 7.8883409e-02 3.3713827e-02
-3.4779867e-02 -1.0487205e-01 5.6192610e-02
-6.8243630e-02 4.8687949e-02 -1.1001442e-02
5.2803832e-04 3.5715447e-03 -1.2506369e-02
4.0269062e-02 7.4512210e-02 3.8029388e-02
5.6860053e-02 6.6523623e-02 3.7902771e-03
7.3041833e-02 2.4065295e-02 -1.3953863e-02
-3.4017980e-02 9.7475585e-02 -9.6894545e-03
-6.7151503e-02 8.8051373e-03 6.4279911e-02
4.4628594e-02 2.5953409e-02 -8.1164069e-02
1.0805874e-02 -7.5329889e-02 4.5988277e-03
-1.0641812e-04 -1.0818881e-01 2.5952280e-02
2.5893733e-02 -3.1532652e-02 1.7584993e-02
1.0731390e-02 9.3064901e-02 1.9098894e-02
-3.7554604e-02 1.0729147e-02 8.8650313e-03
-6.5388127e-02 -2.8767786e-02 3.0178999e-02
-2.1587546e-03 9.6650881e-02 -4.3701525e-02
7.1417553e-02 -1.2308712e-02 -2.8145311e-03
7.4461508e-02 -7.8827925e-02 -6.9937718e-04
2.9617014e-02 -9.1884985e-02 -3.3780936e-03
-5.8218859e-02 1.4464094e-02 2.6395592e-02
7.3302077e-02 -7.9524301e-02 5.5196505e-02
5.3440988e-02 4.9942503e-02 -4.7661717e-02
6.3539099e-03 -4.7660589e-02 1.0894036e-02
-4.5585369e-02 6.1134782e-02 -6.0522248e-02
-8.9053508e-03 9.9557536e-02 -1.6556301e-02
5.5755363e-02 -1.0133363e-01 2.4561322e-02
-3.9088248e-02 -7.8472557e-02 -1.6517713e-02
-4.0028715e-02 9.4524061e-02 1.3645441e-02
7.4580861e-02 -4.4116583e-03 3.6115250e-02
4.4377324e-02 8.1354828e-02 -1.2291892e-02
8.6514385e-02 -6.1736189e-02 2.0339091e-02
-3.3678766e-02 2.4945637e-02 -4.6799323e-02
-6.9400369e-02 -6.4995518e-02 1.5420483e-02
4.0293291e-02 -1.6171783e-03 -4.0534627e-02
-6.9628306e-02 -6.9774133e-02 5.7697537e-02
-5.8611020e-02 3.9626977e-02 -5.3737961e-02
-6.6309749e-02 -6.3796602e-02 -1.0663125e-02
7.2534806e-02 -3.9665720e-02 5.3889004e-02
-3.9578224e-02 7.9274672e-02 -4.7388013e-02
3.0391463e-02 7.0535865e-02 -5.7861480e-02
-1.8199644e-02 4.2872846e-02 -6.2266779e-02
-7.8796313e-03 1.3680670e-02 -3.1290587e-02
-3.2319216e-02 -4.6722814e-02 -1.3950274e-02
-1.9832001e-02 -5.4221221e-03 -9.3816489e-03
-6.7033945e-02 3.1386223e-02 5.9136057e-02
1.4810936e-02 4.0472321e-02 -5.8747206e-02
4.7342309e-02 -1.4107086e-02 -5.9733524e-03
-7.7420365e-02 3.1073033e-02 1.9717198e-02
5.8362288e-02 5.8903864e-02 2.5679473e-02
6.8887803e-02 -3.3847027e-02 -3.9524247e-03
2.6092056e-02 9.2660177e-02 -3.8970472e-02
7.0547734e-03 1.2400989e-02 -5.2116373e-02
-4.7699625e-02 1.8829908e-02 -1.2224588e-02
-5.2798609e-02 -3.7052513e-02 -1.3940402e-02
-6.3746796e-02 -3.1382584e-03 3.7537617e-02
3.5141361e-02 -1.0379518e-01 5.0023037e-02
-5.3424091e-02 -2.1833635e-02 3.5488785e-03
5.7383233e-02 2.3286359e-02 -6.3576075e-02
2.2036740e-02 9.6011938e-02 -2.2671217e-03
-7.6019535e-02 4.6342165e-02 3.7463133e-02
-5.0779721e-03 7.6105979e-02 -4.7005724e-02
-4.2092717e-02 -8.8418358e-02 1.3693900e-02
4.6837077e-02 -5.0672238e-02 9.4653868e-03
6.6985332e-02 3.4200445e-02 3.5106580e-02
2.4492903e-02 5.7755405e-03 -6.1954486e-02
5.8124479e-02 3.1965041e-02 5.5437903e-02
-7.3999505e-02 -3.9147924e-02 4.8933603e-02
3.6564626e-02 -1.0199142e-01 1.2656514e-02
-6.9897524e-02 6.6971422e-02 2.9797607e-02

'a02

-5.4139401e-02 -9.3003505e-02 6.5404202e-02
2.3540183e-02 7.9230647e-02 -7.0153422e-02
7.8681633e-02 -5.4572671e-02 -3.0449696e-03
-7.8608954e-02 4.8074000e-02 5.0950145e-02
5.7154020e-02 4.8487531e-02 3.9499303e-02
-2.6005504e-02 -2.5120106e-02 2.8242247e-04
5.3903106e-02 1.4922925e-02 -6.8865151e-02
7.5676721e-03 -9.9412815e-02 -8.4477318e-03
-6.6861833e-02 6.3948306e-02 -1.5928546e-02
-4.7048018e-03 9.0729686e-02 1.1312738e-02
3.5962240e-02 -9.8280100e-02 4.1153955e-02
-7.0969183e-02 -2.2616935e-02 6.8223492e-02
8.1447101e-02 -2.2662356e-02 4.9055359e-02
6.8261761e-02 3.8940461e-02 -1.8670055e-02
1.8163813e-02 -1.0507199e-02 4.8361061e-03
-5.3087347e-02 -8.3894439e-02 -3.4560891e-03
-2.5736276e-02 1.8138488e-02 -4.1818382e-02
7.3193168e-02 2.5758419e-02 1.4929198e-03
-1.8394157e-02 -1.0340787e-01 5.5038843e-02
-7.0735153e-02 2.4982606e-02 2.8991550e-03
2.7981492e-02 -4.3278117e-02 1.6549307e-02
3.8363293e-02 8.4441335e-02 2.3819648e-02
-6.3006736e-02 8.2689126e-02 -8.0057311e-03
-1.1058634e-02 9.6477029e-02 -2.3987105e-02
9.4023862e-02 -4.0695512e-02 2.2947898e-02
4.0788797e-02 6.6576648e-02 -5.0250468e-02
4.9609428e-02 -7.9990782e-02 7.6121983e-03
-1.1207725e-02 -5.5369023e-02 -4.7780605e-03
6.3379072e-02 -2.3103548e-03 -1.6921647e-02
-7.1956766e-02 -6.5711767e-02 4.4049550e-02
-3.5418576e-02 3.8059661e-02 -7.7218850e-02
-2.0175545e-02 1.3061999e-02 -1.9430551e-02
-3.7636383e-02 -1.0567729e-01 3.6384502e-02
1.7305412e-02 9.9422460e-02 -1.7392222e-02
3.4354205e-02 9.1580813e-04 -2.3559141e-02
-8.7940826e-02 1.7949322e-02 4.4255253e-02
-6.4890381e-02 -4.4788663e-02 2.0390633e-02
-5.8328843e-02 -2.3567070e-02 1.8022492e-02
2.4778039e-02 -1.0080343e-01 1.3645448e-02
-2.0451031e-02 5.5277511e-02 -5.9314312e-02
5.9680603e-02 -3.0751453e-02 1.5737622e-02
7.8096404e-02 3.4987545e-03 3.7118944e-02
-4.1689982e-03 -2.8083768e-02 7.5749712e-03
-5.2303867e-02 -6.7106995e-02 -2.2856244e-02
6.6241329e-02 4.9970597e-02 1.3898870e-02
-7.7452045e-02 5.6612207e-02 5.1152760e-03
4.4203888e-02 8.7842096e-02 -3.1166991e-02
6.1170119e-02 3.8387918e-02 -4.8990600e-02
3.2363727e-02 1.5811837e-02 -7.2594522e-02
6.6989006e-02 -9.0551732e-02 3.2922804e-02
-5.9340487e-02 2.3142369e-02 -2.9187111e-02
3.8070524e-02 -2.0178623e-02 1.5036489e-02
-6.2753633e-02 -5.4473146e-02 7.0479092e-02
-5.8725485e-02 -8.9236254e-02 3.2448761e-02
2.1632930e-02 5.9848443e-02 -5.0755313e-02
-1.3777641e-02 -9.5807040e-02 3.5536003e-03
-5.3909616e-02 7.1737272e-02 -3.3126702e-02
3.5805371e-02 -6.4403406e-02 1.3442660e-02
-6.0122056e-02 8.1181510e-02 1.7115396e-02
-3.7209961e-02 -1.0241884e-01 6.1450950e-02
-7.2257642e-02 4.1910395e-02 -1.7686613e-02
1.0198621e-02 1.8430070e-03 -9.7334187e-03
4.9327189e-02 7.0502207e-02 3.7135586e-02
6.1857570e-02 5.7420477e-02 -2.1124486e-02
6.8948884e-02 1.9825377e-02 -2.5687804e-02
-3.7188552e-02 8.8223492e-02 -1.7601331e-02
-7.5305546e-02 1.2059483e-03 6.6861664e-02
3.3904378e-02 3.5144758e-02 -6.3781582e-02
-6.3381830e-03 -7.6681303e-02 -3.0269837e-03
-2.5730655e-03 -1.0361386e-01 2.4667216e-02
1.5610793e-02 -2.8075688e-02 1.2997429e-02
1.8944306e-02 9.2648895e-02 1.2553016e-02
-5.4922521e-02 5.0480672e-03 1.5071756e-02
-7.9712073e-02 -1.3968078e-02 4.7723506e-02
-3.6420431e-03 9.3726709e-02 -4.5452064e-02
7.6209259e-02 -2.3919097e-03 8.5189150e-03
7.0158096e-02 -7.3800919e-02 4.3817640e-03
1.4775543e-02 -7.2865022e-02 6.6734106e-03
-7.6868270e-02 2.2155349e-02 2.1665324e-02
8.4789245e-02 -7.0628312e-02 4.9066448e-02
5.5585145e-02 5.6681127e-02 -4.0534483e-02
6.3980652e-03 -4.9955422e-02 1.1113180e-02
-4.5815459e-02 6.0004797e-02 -5.9232470e-02
-1.8576966e-02 9.4013581e-02 -5.3816172e-03
4.7256029e-02 -9.5265193e-02 2.1578230e-02
-2.2656132e-02 -8.5112462e-02 -1.7475701e-02
-3.7642645e-02 9.0528493e-02 1.0393930e-02
8.9176838e-02 -1.7884018e-02 2.7720832e-02
5.5999422e-02 7.6957657e-02 -1.1209532e-02
8.4954207e-02 -7.2393232e-02 1.9114047e-02
-5.2321009e-02 2.4895649e-02 -5.7670812e-02
-6.4275367e-02 -6.4060004e-02 8.6391578e-03
5.6111447e-02 6.9907391e-04 -4.2754992e-02
-6.1732079e-02 -7.4648313e-02 6.8127466e-02
-6.4063494e-02 4.5982693e-02 -4.1367754e-02
-5.8405958e-02 -4.9676671e-02 -8.1629173e-03
9.0413335e-02 -4.6231991e-02 4.6735361e-02
-3.1508107e-02 7.9298094e-02 -4.8006339e-02
3.6094060e-02 8.6173775e-02 -5.6845652e-02
-1.6299976e-02 2.8541405e-02 -6.3805115e-02
4.4066906e-03 1.0666131e-02 -2.7593847e-02
-2.8086746e-02 -5.8974775e-02 -2.4339313e-02
-1.6262480e-02 -1.8816214e-03 -2.9981441e-03
-7.9147023e-02 2.5602334e-02 6.2574520e-02
1.0466106e-02 4.0849200e-02 -4.6190840e-02
4.7273289e-02 -5.8293771e-03 7.9203764e-04
-8.3114396e-02 3.8902589e-02 1.3625648e-02
5.5649915e-02 7.4103267e-02 1.2578061e-02
8.1567811e-02 -2.9362517e-02 3.3789107e-03
2.0170183e-02 9.8118652e-02 -4.9025959e-02
-3.5113023e-03 1.9326322e-02 -4.7047406e-02
-4.3210241e-02 1.4704958e-02 -1.0659845e-02
-4.0923400e-02 -3.7707119e-02 -9.4994874e-03
-7.8222296e-02 3.5072858e-03 3.4643842e-02
1.2437434e-02 -1.0093486e-01 4.5058282e-02
-4.0931768e-02 -1.0134790e-02 -7.7395337e-04
6.3154948e-02 1.7382006e-02 -5.0503535e-02
3.9444378e-02 9.2025449e-02 -2.2385021e-03
-8.9734446e-02 3.6752706e-02 3.2043754e-02
2.2281155e-03 7.0979362e-02 -5.0675618e-02
-3.6232101e-02 -9.2503521e-02 1.2599073e-02
5.5125836e-02 -5.4216858e-02 1.3619595e-02
7.6915130e-02 1.5271013e-02 1.9742541e-02
2.1328006e-02 8.3917414e-03 -5.6289058e-02
6.1960386e-02 2.7003075e-02 3.9193732e-02
-7.7006671e-02 -3.5546662e-02 4.2272151e-02
3.0545156e-02 -8.5701608e-02 1.1515841e-03
-7.2532207e-02 6.5593282e-02 3.6564119e-02

'a03

-5.4724885e-02 -8.8330092e-02 7.5655400e-02
2.4727035e-02 6.1182450e-02 -7.0309187e-02
8.9131701e-02 -4.4025327e-02 -1.3261213e-02
-8.8727434e-02 2.7608999e-02 5.5139834e-02
7.7082914e-02 3.4656741e-02 7.6890429e-03
-2.7619836e-02 -2.8214313e-02 -2.1675751e-03
4.9372786e-02 2.6979184e-02 -5.5374564e-02
-1.4648824e-02 -8.6230907e-02 1.7261404e-02
-7.5345991e-02 4.0622098e-02 -1.0208799e-02
-1.5229648e-02 9.1401856e-02 -2.8364520e-03
3.1405939e-02 -7.7975633e-02 3.8063163e-02
-7.5921762e-02 -3.3594337e-02 4.1368443e-02
8.6530387e-02 -2.9744032e-02 4.2586546e-02
6.1165373e-02 1.6423434e-02 -5.7655709e-03
2.0525265e-02 -2.0887475e-02 1.3440364e-02
-6.0787408e-02 -7.4463219e-02 7.4314942e-04
-3.6590901e-02 2.9547187e-02 -5.0768260e-02
8.0193453e-02 1.2084372e-02 2.0939269e-02
-3.9582072e-02 -1.0158071e-01 4.3715485e-02
-9.4659133e-02 2.8477634e-02 7.0985926e-03
2.7389142e-02 -5.2040162e-02 3.0603892e-03
4.3764258e-02 7.8773021e-02 2.3143949e-02
-6.3539317e-02 7.3177244e-02 -1.4380548e-02
-1.2525558e-02 9.5299137e-02 -3.2871020e-02
9.8236769e-02 -4.5074316e-02 1.0884375e-02
4.3172474e-02 6.2317214e-02 -6.2410728e-02
6.6022586e-02 -5.6703365e-02 -1.4256451e-02
-3.4788058e-02 -4.6320848e-02 -1.1360037e-02
9.2752111e-02 -2.2020218e-02 -7.0196156e-03
-7.4062003e-02 -8.3583699e-02 5.7152177e-02
-2.1676724e-02 4.2809293e-02 -5.3272284e-02
-3.6426006e-02 2.4036209e-02 -3.1628081e-02
-5.3415939e-02 -9.7522409e-02 5.8368825e-02
3.2114539e-02 9.6704316e-02 -2.7893630e-02
3.2810642e-02 7.2706603e-03 1.7319027e-03
-9.2824628e-02 4.3895765e-03 2.4806432e-02
-7.3575092e-02 -6.1260228e-02 2.1248771e-02
-6.2031597e-02 -2.6071186e-02 1.8411327e-02
4.7004221e-02 -7.7707629e-02 1.2759616e-02
-4.0675551e-03 6.4503778e-02 -6.1811997e-02
4.3717766e-02 -3.7342644e-02 2.6905594e-03
7.3149384e-02 2.9403798e-03 4.3698996e-02
-9.0361620e-03 -2.0465052e-02 3.4191509e-03
-5.0117879e-02 -6.4524648e-02 -2.0041539e-02
6.4857823e-02 6.5256766e-02 2.4980086e-03
-8.4487569e-02 5.9911255e-02 6.1712623e-04
3.9392538e-02 8.3416824e-02 -4.9697911e-02
5.9672745e-02 5.6810709e-02 -4.2257722e-02
2.8560025e-02 4.0693633e-02 -6.4873401e-02
5.6671074e-02 -7.3987681e-02 3.6652010e-02
-6.1956281e-02 2.9495145e-02 -3.1379580e-02
3.9914068e-02 -9.1539978e-03 1.2974932e-02
-7.9264762e-02 -4.1540876e-02 6.6365462e-02
-5.7456442e-02 -9.1821686e-02 3.9213298e-02
1.0687777e-02 5.0101986e-02 -5.9753688e-02
-2.1483794e-02 -9.9221347e-02 3.2839843e-02
-5.4801880e-02 6.7437037e-02 -4.2374245e-02
4.7530538e-02 -5.7521092e-02 -4.5994569e-03
-6.6568405e-02 7.1535473e-02 1.5132941e-02
-2.8800297e-02 -9.4318244e-02 6.3455443e-02
-6.7095045e-02 2.3409013e-02 -1.3664546e-02
5.4293874e-03 3.8229735e-03 2.1079453e-03
5.3747659e-02 6.1809528e-02 3.5494232e-02
6.8732348e-02 4.3897775e-02 -1.9888263e-02
7.5296181e-02 -1.3357861e-02 -1.1623097e-02
-3.7582232e-02 8.7631493e-02 -2.6408352e-02
-8.1696658e-02 -1.6059613e-02 6.4988264e-02
4.8404638e-02 4.2828527e-02 -7.5153146e-02
-1.3044313e-02 -5.2448050e-02 -3.3406894e-03
4.8544307e-03 -8.7994210e-02 2.2637813e-02
8.3560613e-03 -4.5395043e-02 6.6229365e-03
2.5566071e-02 8.6097448e-02 1.5005712e-02
-4.2025831e-02 3.0594557e-03 1.2150923e-02
-7.7472288e-02 -1.0713571e-02 3.9103560e-02
1.2852280e-02 9.9913699e-02 -3.7436025e-02
8.6725695e-02 -7.8123206e-03 8.5958966e-03
8.4078323e-02 -6.2203741e-02 8.9581955e-04
3.5984126e-02 -7.4772518e-02 -4.6983708e-03
-7.4129658e-02 1.7776849e-02 5.3147039e-03
8.2496616e-02 -5.9163240e-02 3.7781935e-02
6.1817665e-02 6.4400478e-02 -1.9564327e-02
1.2198138e-03 -7.0781777e-02 -1.0189013e-03
-3.9892586e-02 5.7411397e-02 -5.5390427e-02
1.7189873e-02 9.7973102e-02 -1.0517066e-02
6.7238589e-02 -7.4724424e-02 1.5002805e-02
-2.9439492e-02 -7.9511414e-02 4.8825998e-03
-4.2613818e-02 8.4286246e-02 2.3258632e-03
9.5811794e-02 -2.4174360e-02 1.8928782e-02
4.8692845e-02 8.3404232e-02 -2.0808397e-02
8.5397947e-02 -6.7007943e-02 1.9550625e-02
-5.5044710e-02 4.1399764e-02 -5.6896080e-02
-6.3486086e-02 -8.1222972e-02 2.2145691e-02
4.1767393e-02 1.7525307e-02 -1.9823039e-02
-7.3620802e-02 -6.4332649e-02 7.6740533e-02
-6.6725213e-02 5.2291862e-02 -2.9345444e-02
-6.1574903e-02 -4.3965734e-02 -3.0603794e-03
9.4190263e-02 -4.4489331e-02 3.1227007e-02
-1.8830761e-02 7.5085610e-02 -4.8175195e-02
2.1949668e-02 8.1128484e-02 -7.6908974e-02
-3.2198713e-03 2.2705333e-02 -3.7447020e-02
-8.2998467e-04 1.6512599e-02 -1.7069471e-02
-2.8551776e-02 -6.8026796e-02 -1.3714586e-02
-1.8840656e-02 1.3609788e-02 -9.3203132e-03
-9.3154912e-02 2.7518053e-03 5.0020495e-02
7.2331319e-04 4.1368476e-02 -4.5475247e-02
5.7228713e-02 -1.1808149e-02 2.6269281e-03
-8.9964155e-02 5.0445564e-02 2.4098852e-02
6.9031091e-02 5.0217765e-02 2.3008732e-02
7.7250181e-02 -2.7442053e-02 -2.6679613e-02
2.1069841e-02 9.2823118e-02 -5.6156911e-02
1.8974031e-02 1.7022698e-02 -2.2330582e-02
-5.1172902e-02 1.6726483e-02 -3.9450528e-03
-5.2576294e-02 -2.3422791e-02 -6.0953652e-04
-6.1784759e-02 3.8494645e-03 2.3393360e-02
1.8244114e-04 -8.1247543e-02 5.1557273e-02
-3.8077268e-02 -1.2173962e-02 -8.1024601e-03
5.7087659e-02 2.1835942e-02 -3.4402880e-02
4.9429614e-02 8.4983215e-02 3.4646363e-03
-9.8603228e-02 2.6670975e-02 3.2398428e-02
2.2126251e-03 8.6192290e-02 -5.9132907e-02
-4.1259206e-02 -8.7898432e-02 2.3460772e-02
6.0354585e-02 -3.1852418e-02 -1.0986835e-02
8.6493522e-02 -8.6948252e-03 3.1922740e-02
2.7515968e-02 2.4293419e-02 -4.6517650e-02
6.6671371e-02 3.2473274e-02 3.9045553e-02
-8.0880568e-02 -6.1755831e-02 4.7516470e-02
2.7548463e-02 -8.1286183e-02 1.5923839e-02
-8.7194601e-02 4.3488058e-02 4.3417389e-02

'a04

-5.4645367e-02 -8.4848531e-02 7.6294701e-02
2.4345277e-02 6.7542982e-02 -7.1688627e-02
7.5809918e-02 -5.4912580e-02 -1.0207765e-02
-8.0995284e-02 3.3154236e-02 5.8893927e-02
7.6302615e-02 3.9938912e-02 2.7427689e-02
-2.9621612e-02 -2.7658850e-02 -1.2825131e-02
5.7366559e-02 2.9658800e-02 -5.6759588e-02
-6.1551187e-03 -8.4826203e-02 -1.6332780e-03
-7.1331728e-02 4.8086876e-02 -1.2504931e-02
-1.7851069e-02 8.7274083e-02 5.1483151e-03
2.6848196e-02 -9.4455283e-02 3.9790089e-02
-7.6367259e-02 -3.3523101e-02 6.2298699e-02
8.6395754e-02 -1.8778519e-02 4.3780076e-02
7.4472618e-02 2.2075984e-02 -1.6331250e-02
1.3096313e-02 -1.3680065e-02 1.2834036e-02
-6.0184342e-02 -8.2206753e-02 3.3913067e-03
-3.0460179e-02 2.1471509e-02 -4.1926981e-02
7.9673747e-02 2.4695238e-02 7.2702759e-03
-2.2204188e-02 -1.0109304e-01 4.3140914e-02
-8.3957914e-02 3.2744662e-02 -5.8399150e-04
2.6458098e-02 -4.1201880e-02 1.0535424e-02
5.4753350e-02 8.2718209e-02 1.6394424e-02
-5.5858562e-02 6.4817047e-02 -2.0892860e-02
-1.1760853e-02 8.7454748e-02 -3.5713742e-02
9.4073854e-02 -4.6844391e-02 5.2378843e-03
4.6420454e-02 7.2753267e-02 -6.2122513e-02
4.6481633e-02 -7.3798123e-02 -9.4848392e-03
-2.7438881e-02 -4.7530586e-02 -1.2684243e-02
7.3695681e-02 -1.4059410e-02 2.0364209e-03
-7.1984401e-02 -6.9027912e-02 6.2127722e-02
-2.3285045e-02 5.5105161e-02 -6.7297270e-02
-3.5339208e-02 1.1787852e-02 -1.9413029e-02
-4.3720036e-02 -9.8881483e-02 4.4221339e-02
2.8881234e-02 9.6433975e-02 -2.2496036e-02
2.2247961e-02 8.3907168e-03 -6.0126560e-03
-9.5228124e-02 2.5417925e-03 3.4381811e-02
-6.8635485e-02 -5.7765022e-02 1.4208971e-02
-6.1765792e-02 -2.9917222e-02 2.3605679e-02
2.6794968e-02 -8.9127836e-02 8.6381579e-03
-6.8688010e-03 5.3731740e-02 -5.7462527e-02
4.8024891e-02 -1.9647169e-02 1.4435016e-02
7.5235848e-02 -5.7050258e-03 5.5593746e-02
-1.1569788e-02 -2.9031319e-02 -5.6228432e-03
-5.5743919e-02 -6.4033140e-02 -1.4079340e-02
7.2162041e-02 6.0260700e-02 -2.4008288e-03
-6.8788250e-02 6.3005669e-02 3.8159535e-03
4.2055361e-02 9.0791172e-02 -4.0282426e-02
6.6836258e-02 4.6923060e-02 -5.6186027e-02
2.9155935e-02 4.3181209e-02 -6.1640237e-02
7.2992112e-02 -7.3490074e-02 4.0865661e-02
-5.4102224e-02 1.8198251e-02 -3.1992619e-02
3.6228562e-02 3.3869475e-03 8.7552864e-03
-6.5750087e-02 -4.7579025e-02 8.1126789e-02
-6.2654678e-02 -9.0525712e-02 3.9712163e-02
1.2042247e-02 5.0677962e-02 -5.7424988e-02
-1.7313080e-02 -9.9012791e-02 2.1908610e-02
-4.1689036e-02 7.3360810e-02 -3.4191637e-02
3.9062560e-02 -5.6335216e-02 -5.6658676e-04
-5.0423724e-02 6.5819700e-02 3.1171015e-02
-3.3365165e-02 -9.6847541e-02 6.5260039e-02
-7.2838947e-02 2.6457282e-02 -1.6675913e-02
3.6608252e-03 3.3295858e-03 -7.0544852e-03
6.3462131e-02 5.7991952e-02 3.6361010e-02
7.3978236e-02 4.7212021e-02 -2.8163078e-02
5.9092004e-02 1.0083708e-02 -2.9398409e-03
-2.9446848e-02 8.5781930e-02 -2.4447342e-02
-7.6543059e-02 -9.6126858e-03 7.1800719e-02
4.5898731e-02 4.8702047e-02 -7.3056521e-02
-1.3791432e-02 -6.5135740e-02 -1.0215136e-02
1.7492755e-03 -9.8417203e-02 2.5600258e-02
7.6311461e-03 -3.3513196e-02 8.2185726e-03
1.2735748e-02 9.4403892e-02 2.7266960e-05
-5.7881572e-02 -5.6130861e-03 1.6875096e-02
-7.7455302e-02 -2.0169292e-02 4.2419839e-02
1.0227761e-02 9.6844256e-02 -3.0481727e-02
7.6479646e-02 3.8625597e-03 9.5935478e-03
7.3112356e-02 -7.2076425e-02 8.5409025e-03
2.1587005e-02 -6.6691853e-02 -3.2463386e-03
-8.9731690e-02 1.2597455e-02 5.5201203e-03
8.5683726e-02 -5.8108314e-02 4.3713359e-02
6.2617252e-02 6.9250030e-02 -4.0369374e-02
4.3518410e-04 -5.5435945e-02 -7.4287803e-04
-4.3369181e-02 5.9387193e-02 -4.8995393e-02
-5.5301577e-03 9.2750097e-02 -1.5731305e-02
4.9597844e-02 -8.5999272e-02 2.5231169e-02
-3.5252661e-02 -8.4308924e-02 -5.8040013e-03
-4.4664744e-02 7.7196782e-02 2.8735841e-03
9.1349008e-02 -2.3886600e-02 1.9435512e-02
6.2510511e-02 7.6433380e-02 -1.5771338e-02
8.8722407e-02 -6.3411077e-02 2.5188018e-02
-4.2834875e-02 3.4736235e-02 -6.1340668e-02
-6.9288637e-02 -7.7991116e-02 2.2826818e-02
3.7358111e-02 1.5686924e-02 -1.9246806e-02
-6.2463848e-02 -6.6633230e-02 8.1786029e-02
-6.1316745e-02 4.0375876e-02 -3.9968938e-02
-5.1187795e-02 -4.2065336e-02 -4.9521707e-03
9.1023770e-02 -3.8287185e-02 4.1900581e-02
-1.4616911e-02 7.1952350e-02 -4.9325198e-02
2.6667837e-02 9.1224517e-02 -6.6083928e-02
-1.2921106e-02 3.1363325e-02 -5.7915463e-02
-1.0357159e-02 1.2409914e-02 -2.2969394e-02
-3.3328531e-02 -7.0139002e-02 -2.0379143e-02
-1.5604494e-02 -5.8346701e-03 -1.1135507e-02
-8.8811957e-02 6.0691290e-03 5.8110394e-02
4.3316016e-03 3.4814168e-02 -4.9398646e-02
5.7469400e-02 -1.7780425e-03 1.1966564e-02
-8.7287490e-02 4.4775415e-02 1.4510518e-02
6.7283953e-02 6.7638612e-02 1.8827382e-02
8.7581638e-02 -3.1165201e-02 -1.7429846e-02
2.4761702e-02 9.6578988e-02 -4.6936880e-02
7.2342668e-03 1.9577491e-02 -3.6799458e-02
-6.3709278e-02 6.0276916e-03 -5.1238220e-03
-4.8975547e-02 -2.2667947e-02 5.5574660e-03
-7.7511339e-02 -7.8309022e-03 2.5081677e-02
9.0581040e-04 -9.8227619e-02 4.8021932e-02
-3.6478694e-02 -1.1815467e-02 -4.0310197e-03
6.6434180e-02 2.4379466e-02 -3.8668926e-02
4.3325729e-02 9.2433664e-02 -8.7276478e-03
-9.3732784e-02 2.8419187e-02 3.5030148e-02
6.4092461e-03 8.5790166e-02 -5.5487440e-02
-3.3382278e-02 -9.1558355e-02 1.3525777e-02
5.7702900e-02 -4.2215932e-02 -2.9942903e-04
8.2175831e-02 4.6057024e-03 2.8716926e-02
3.6236675e-02 2.7321635e-02 -5.1121281e-02
6.7975381e-02 2.6262543e-02 5.0374427e-02
-7.4510023e-02 -5.1040783e-02 4.0501338e-02
1.4178505e-02 -8.6028604e-02 -7.1667535e-03
-7.5617096e-02 5.1292367e-02 3.8192733e-02

'a05

-5.2412099e-02 -9.4843352e-02 8.1540885e-02
2.3230971e-02 4.8741983e-02 -7.1965732e-02
8.5271333e-02 -5.2675735e-02 -1.1754355e-02
-7.3649565e-02 2.8209405e-02 5.9109232e-02
7.8744345e-02 2.9002207e-02 4.8122245e-03
-2.4436011e-02 -2.6768849e-02 -6.4247558e-03
5.7490997e-02 4.0303525e-02 -6.1937352e-02
-2.7458804e-02 -8.8794109e-02 1.7138273e-02
-8.0381742e-02 4.8232403e-02 -9.6188758e-03
-1.9318416e-02 8.6460076e-02 -2.6259864e-03
2.4747647e-02 -9.2954352e-02 3.1806178e-02
-7.4568566e-02 -3.2118366e-02 4.0319016e-02
8.5025997e-02 -1.6008304e-02 4.8909799e-02
5.8728793e-02 2.3319154e-02 -1.1086313e-02
5.4277971e-03 -9.5471166e-03 1.9701020e-02
-5.7589315e-02 -7.8406204e-02 2.7691429e-04
-3.2971995e-02 3.6796178e-02 -8.1608309e-02
5.7273057e-02 1.5432016e-03 1.3288136e-02
-2.9445031e-02 -9.9725442e-02 3.8003057e-02
-7.6039699e-02 2.1822666e-02 2.5298086e-03
2.1728097e-02 -3.2772810e-02 2.4054931e-02
5.1356106e-02 5.7478575e-02 3.5493209e-02
-4.5378631e-02 7.7109641e-02 -5.6948845e-03
-1.6455030e-02 9.2978899e-02 -2.8556160e-02
1.0067970e-01 -4.2019789e-02 1.3916338e-02
3.4323442e-02 6.5873962e-02 -6.9342584e-02
5.2105784e-02 -6.3080238e-02 -9.7792545e-03
-3.5167525e-02 -4.5830027e-02 -1.3126018e-02
9.5140990e-02 -2.1055805e-02 -3.8761366e-03
-7.2968705e-02 -8.0759692e-02 6.0663180e-02
-1.8432093e-02 5.1632013e-02 -7.8439700e-02
-3.6415542e-02 2.4371383e-02 -4.1939119e-02
-4.2306243e-02 -1.0079979e-01 6.2769561e-02
2.0985196e-02 9.9222683e-02 -1.9461589e-02
3.2231237e-02 2.0239736e-02 1.6420853e-03
-8.5463385e-02 9.2450691e-04 3.4985636e-02
-7.0967642e-02 -6.1446866e-02 1.1601408e-02
-6.6538792e-02 -4.2479182e-02 7.4367113e-03
5.1658650e-02 -8.4052211e-02 1.8223963e-02
-6.4619930e-03 5.9877705e-02 -6.1665472e-02
4.7436673e-02 -2.3349615e-02 1.2606853e-02
7.7655691e-02 2.2464225e-03 5.2012337e-02
-1.5184506e-02 -5.3640744e-03 -1.6360051e-03
-4.7436530e-02 -5.6308172e-02 -2.4349246e-02
7.1080325e-02 4.9060187e-02 -3.0688518e-03
-6.9243560e-02 6.1892482e-02 8.3662569e-03
3.8028385e-02 9.2794951e-02 -4.3451093e-02
5.3625245e-02 6.6024750e-02 -4.6424029e-02
3.1913304e-02 2.9940297e-02 -5.7053223e-02
4.7034412e-02 -8.6106348e-02 4.3987698e-02
-6.1879799e-02 4.3949475e-02 -4.3016873e-02
3.2417985e-02 -3.0978600e-04 2.1607994e-02
-8.0588976e-02 -3.9681821e-02 7.0645057e-02
-5.1514920e-02 -9.4195006e-02 4.3653064e-02
8.6075521e-03 4.5471902e-02 -5.6974169e-02
-4.5559434e-03 -9.7301060e-02 3.1414843e-02
-4.9515092e-02 6.4278894e-02 -5.6386163e-02
3.4319338e-02 -5.1286900e-02 6.2029845e-03
-4.9397308e-02 6.6119015e-02 2.4528348e-02
-1.8456044e-02 -9.3915661e-02 5.7150843e-02
-6.1288934e-02 2.2671599e-02 -2.4886716e-02
1.3484078e-02 8.7840153e-03 1.3095942e-02
6.1417371e-02 3.7910484e-02 4.8779342e-02
6.6480261e-02 4.8876727e-02 -3.1242368e-02
8.0018820e-02 -1.7818708e-02 -1.6561402e-02
-3.9992844e-02 8.4746040e-02 -3.3960130e-02
-7.3987253e-02 -1.6586114e-02 7.0024755e-02
3.9017255e-02 4.3024417e-02 -8.4420948e-02
-1.6698173e-02 -4.9553798e-02 -4.0021530e-03
7.3552245e-03 -8.9410676e-02 9.1068921e-04
-1.0046381e-03 -3.1785631e-02 8.1060370e-03
3.2688651e-02 8.0975709e-02 1.8036624e-02
-5.5610182e-02 -6.4838925e-03 1.1645245e-02
-7.6832540e-02 -1.3734142e-02 4.7517763e-02
8.8093123e-03 1.0074480e-01 -3.7077859e-02
7.9885157e-02 4.8548330e-03 1.1989166e-03
8.0127647e-02 -6.8991754e-02 9.7157272e-03
3.2735793e-02 -8.1149344e-02 -2.9867780e-03
-6.9618036e-02 7.9179114e-03 1.8766471e-02
7.0783910e-02 -7.1567279e-02 4.7362285e-02
5.3532794e-02 7.1435455e-02 -2.2550403e-02
5.4972304e-03 -5.5027333e-02 9.4445630e-03
-3.8727664e-02 5.7064322e-02 -7.3578678e-02
9.8594993e-03 9.3569683e-02 -3.6253893e-03
7.3044334e-02 -7.6502041e-02 2.6544206e-02
-1.9206121e-02 -7.3934364e-02 -1.2863486e-02
-3.4131751e-02 7.7117839e-02 1.1849662e-02
9.3423124e-02 -1.3399656e-02 2.8083429e-02
3.9771683e-02 8.9675376e-02 -1.3015094e-02
8.9498869e-02 -6.0700031e-02 3.3152072e-02
-4.6944226e-02 3.6020199e-02 -6.6243974e-02
-7.4337698e-02 -6.7798734e-02 3.2002648e-02
3.9394574e-02 2.5827052e-02 -1.7366899e-02
-7.9952054e-02 -5.9381652e-02 8.2965492e-02
-6.5277026e-02 6.7696821e-02 -2.5858053e-02
-6.2834888e-02 -5.7920250e-02 -9.1511477e-03
8.8624228e-02 -3.7550360e-02 4.7569103e-02
-1.7528742e-02 7.4595745e-02 -5.2211856e-02
2.9557097e-02 9.2669766e-02 -7.2400960e-02
-6.5439108e-03 2.1551793e-02 -2.9729875e-02
-5.5106477e-04 1.2567949e-02 -1.1183391e-03
-4.1649977e-02 -7.7120479e-02 -1.7347529e-02
-3.3216107e-02 9.1703479e-03 -1.0013451e-02
-8.0238711e-02 3.9207007e-03 5.8474706e-02
-1.4391527e-02 2.9415739e-02 -5.8266595e-02
6.6807194e-02 -1.3246233e-02 2.1048367e-03
-8.7791279e-02 4.4144387e-02 1.9577323e-02
6.6243343e-02 5.0589068e-02 1.9624637e-02
8.3188275e-02 -3.0838392e-02 -3.1152459e-02
1.4973571e-02 9.7215687e-02 -5.6814925e-02
2.2761335e-02 2.6730195e-02 -2.9831824e-02
-5.6650853e-02 1.2897915e-02 -3.8371050e-03
-5.2084617e-02 -2.5837379e-02 -1.1311260e-02
-6.5307128e-02 -2.3963780e-02 2.1873957e-02
1.0211848e-02 -9.4040128e-02 4.5035983e-02
-3.7268048e-02 -1.1855348e-02 -1.7494540e-02
5.3420977e-02 2.6987264e-02 -3.7382728e-02
5.3615220e-02 7.0241639e-02 2.7636377e-03
-9.1294996e-02 2.4905902e-02 3.6604784e-02
1.0058135e-02 7.4416492e-02 -6.1426723e-02
-5.9002501e-02 -8.4237773e-02 2.4668245e-02
6.5017967e-02 -3.0118442e-02 -8.7456224e-03
8.4845041e-02 7.9776746e-03 2.4244722e-02
4.6527680e-03 2.7146785e-02 -4.6772505e-02
7.6631440e-02 2.9569623e-02 2.9145087e-02
-7.9756199e-02 -5.6349410e-02 5.4702256e-02
1.4947222e-02 -7.1433681e-02 -6.4914693e-04
-6.8331114e-02 5.0747250e-02 4.1172180e-02
